1|0|m 0 w|tensor([143.,   0.,   0., 184.,   0.,   0., 225.,   0.,   0., 143.,   0.,   0.,
          0.,   1.,   1., 131.,   0.,   0.,  71.,   0.,   0., 137.,   0.,   0.,
        117.,   0.,   0.])|
2|0|m 0 e|tensor([177.,   0.,   0., 115.,   0.,   0., 228.,   0.,   0., 143.,   0.,   0.,
        184.,   1.,   0., 225.,   0.,   0., 143.,   0.,   0.,   0.,   0.,   1.,
        131.,   0.,   0.])|
3|0|m 0 w|tensor([177.,   0.,   0., 115.,   0.,   0., 228.,   0.,   0., 143.,   0.,   0.,
        138.,   1.,   0., 225.,   0.,   0., 143.,   0.,   0.,   0.,   0.,   1.,
        131.,   0.,   0.])|
4|0|m 0 e|tensor([185.,   0.,   0., 116.,   0.,   0., 225.,   0.,   0., 177.,   0.,   0.,
        115.,   1.,   0., 228.,   0.,   0., 143.,   0.,   0., 138.,   0.,   0.,
        225.,   0.,   0.])|
5|0|m 0 w|tensor([177.,   0.,   0., 115.,   0.,   0., 228.,   0.,   0., 143.,   0.,   0.,
        138.,   1.,   0., 225.,   0.,   0., 143.,   0.,   0.,   0.,   0.,   1.,
        131.,   0.,   0.])|
6|0|m 0 w|tensor([185.,   0.,   0., 116.,   0.,   0., 225.,   0.,   0., 177.,   0.,   0.,
        115.,   1.,   0., 228.,   0.,   0., 143.,   0.,   0., 138.,   0.,   0.,
        225.,   0.,   0.])|
7|0|m 0 e|tensor([185.,   0.,   0., 116.,   0.,   0., 225.,   0.,   0., 177.,   0.,   0.,
         86.,   1.,   0., 228.,   0.,   0., 143.,   0.,   0., 138.,   0.,   0.,
        225.,   0.,   0.])|
8|0|m 0 w|tensor([177.,   0.,   0.,  86.,   0.,   0., 228.,   0.,   0., 143.,   0.,   0.,
        138.,   1.,   0., 225.,   0.,   0., 143.,   0.,   0.,   0.,   0.,   1.,
        131.,   0.,   0.])|
9|0|m 0 w|tensor([185.,   0.,   0., 116.,   0.,   0., 225.,   0.,   0., 177.,   0.,   0.,
         86.,   1.,   0., 228.,   0.,   0., 143.,   0.,   0., 138.,   0.,   0.,
        225.,   0.,   0.])|
10|0|m 0 w|tensor([212.,   0.,   0., 270.,   0.,   0., 154.,   0.,   0., 185.,   0.,   0.,
        116.,   1.,   0., 225.,   0.,   0., 177.,   0.,   0.,  86.,   0.,   0.,
        228.,   0.,   0.])|
11|0|m 0 e|tensor([212.,   0.,   0., 270.,   0.,   0., 154.,   0.,   0., 185.,   0.,   0.,
         87.,   1.,   0., 225.,   0.,   0., 177.,   0.,   0.,  86.,   0.,   0.,
        228.,   0.,   0.])|
12|0|m 0 e|tensor([185.,   0.,   0.,  87.,   0.,   0., 225.,   0.,   0., 177.,   0.,   0.,
         86.,   1.,   0., 228.,   0.,   0., 143.,   0.,   0., 138.,   0.,   0.,
        225.,   0.,   0.])|
13|9|m 0 e|tensor([177.,   0.,   0.,  86.,   0.,   0., 228.,   0.,   0., 143.,   0.,   0.,
        138.,   1.,   0., 225.,   0.,   0., 143.,   0.,   0.,   0.,   0.,   1.,
        131.,   0.,   0.])|
14|0|m 0 e|tensor([143.,   0.,   0., 138.,   0.,   0., 225.,   0.,   0., 143.,   0.,   0.,
          0.,   1.,   1., 131.,   0.,   0.,  71.,   0.,   0., 137.,   0.,   0.,
        117.,   0.,   0.])|
15|0|m 0 w|tensor([143.,   0.,   0.,   0.,   0.,   1., 131.,   0.,   0.,  71.,   0.,   0.,
        137.,   1.,   0., 117.,   0.,   0.,  59.,   0.,   0.,  63.,   0.,   0.,
        171.,   0.,   0.])|
16|25|m 0 w|tensor([143.,   0.,   0.,   0.,   0.,   1., 131.,   0.,   0.,  71.,   0.,   0.,
        102.,   1.,   0., 117.,   0.,   0.,  59.,   0.,   0.,  63.,   0.,   0.,
        171.,   0.,   0.])|
17|0|m 0 e|tensor([143.,   0.,   0., 138.,   0.,   0., 225.,   0.,   0., 143.,   0.,   0.,
          0.,   1.,   1., 131.,   0.,   0.,  71.,   0.,   0., 102.,   0.,   0.,
        117.,   0.,   0.])|
18|0|m 0 w|tensor([143.,   0.,   0.,   0.,   0.,   1., 131.,   0.,   0.,  71.,   0.,   0.,
        102.,   1.,   0., 117.,   0.,   0.,  59.,   0.,   0.,  63.,   0.,   0.,
        171.,   0.,   0.])|
19|0|m 0 e|tensor([143.,   0.,   0.,   0.,   0.,   1., 131.,   0.,   0.,  71.,   0.,   0.,
         76.,   1.,   0., 117.,   0.,   0.,  59.,   0.,   0.,  63.,   0.,   0.,
        171.,   0.,   0.])|
20|0|m 0 e|tensor([ 71.,   0.,   0.,  76.,   0.,   0., 117.,   0.,   0.,  59.,   0.,   0.,
         63.,   1.,   0., 171.,   0.,   0., 140.,   0.,   0.,  99.,   0.,   0.,
        300.,   0.,   0.])|
21|0|m 0 w|tensor([ 59.,   0.,   0.,  63.,   0.,   0., 171.,   0.,   0., 140.,   0.,   0.,
         99.,   1.,   0., 300.,   0.,   0.,  75.,   0.,   0., 145.,   0.,   0.,
         97.,   0.,   0.])|
22|0|m 0 e|tensor([ 71.,   0.,   0.,  76.,   0.,   0., 117.,   0.,   0.,  59.,   0.,   0.,
         63.,   1.,   0., 171.,   0.,   0., 140.,   0.,   0.,  99.,   0.,   0.,
        300.,   0.,   0.])|
23|0|m 0 w|tensor([ 71.,   0.,   0.,  76.,   0.,   0., 117.,   0.,   0.,  59.,   0.,   0.,
         47.,   1.,   0., 171.,   0.,   0., 140.,   0.,   0.,  99.,   0.,   0.,
        300.,   0.,   0.])|
24|0|m 0 e|tensor([143.,   0.,   0.,   0.,   0.,   1., 131.,   0.,   0.,  71.,   0.,   0.,
         76.,   1.,   0., 117.,   0.,   0.,  59.,   0.,   0.,  47.,   0.,   0.,
        171.,   0.,   0.])|
25|0|m 0 w|tensor([ 71.,   0.,   0.,  76.,   0.,   0., 117.,   0.,   0.,  59.,   0.,   0.,
         47.,   1.,   0., 171.,   0.,   0., 140.,   0.,   0.,  99.,   0.,   0.,
        300.,   0.,   0.])|
26|0|m 0 w|tensor([143.,   0.,   0.,   0.,   0.,   1., 131.,   0.,   0.,  71.,   0.,   0.,
         76.,   1.,   0., 117.,   0.,   0.,  59.,   0.,   0.,  47.,   0.,   0.,
        171.,   0.,   0.])|
27|19|m 0 w|tensor([143.,   0.,   0.,   0.,   0.,   1., 131.,   0.,   0.,  71.,   0.,   0.,
         57.,   1.,   0., 117.,   0.,   0.,  59.,   0.,   0.,  47.,   0.,   0.,
        171.,   0.,   0.])|
28|0|m 0 w|tensor([143.,   0.,   0., 138.,   0.,   0., 225.,   0.,   0., 143.,   0.,   0.,
          0.,   1.,   1., 131.,   0.,   0.,  71.,   0.,   0.,  57.,   0.,   0.,
        117.,   0.,   0.])|
29|0|m 0 w|tensor([177.,   0.,   0.,  86.,   0.,   0., 228.,   0.,   0., 143.,   0.,   0.,
        138.,   1.,   0., 225.,   0.,   0., 143.,   0.,   0.,   0.,   0.,   1.,
        131.,   0.,   0.])|
30|25|m 0 e|tensor([177.,   0.,   0.,  86.,   0.,   0., 228.,   0.,   0., 143.,   0.,   0.,
        103.,   1.,   0., 225.,   0.,   0., 143.,   0.,   0.,   0.,   0.,   1.,
        131.,   0.,   0.])|
31|0|m 0 e|tensor([143.,   0.,   0., 103.,   0.,   0., 225.,   0.,   0., 143.,   0.,   0.,
          0.,   1.,   1., 131.,   0.,   0.,  71.,   0.,   0.,  57.,   0.,   0.,
        117.,   0.,   0.])|
32|0|m 0 n|tensor([143.,   0.,   0.,   0.,   0.,   1., 131.,   0.,   0.,  71.,   0.,   0.,
         57.,   1.,   0., 117.,   0.,   0.,  59.,   0.,   0.,  47.,   0.,   0.,
        171.,   0.,   0.])|
33|11|m 0 w|tensor([143.,   0.,   0.,   0.,   0.,   1., 131.,   0.,   0.,  71.,   0.,   0.,
         42.,   1.,   0., 117.,   0.,   0.,  59.,   0.,   0.,  47.,   0.,   0.,
        171.,   0.,   0.])|
34|0|m 0 w|tensor([143.,   0.,   0., 103.,   0.,   0., 225.,   0.,   0., 143.,   0.,   0.,
          0.,   1.,   1., 131.,   0.,   0.,  71.,   0.,   0.,  42.,   0.,   0.,
        117.,   0.,   0.])|
35|0|m 0 w|tensor([177.,   0.,   0.,  86.,   0.,   0., 228.,   0.,   0., 143.,   0.,   0.,
        103.,   1.,   0., 225.,   0.,   0., 143.,   0.,   0.,   0.,   0.,   1.,
        131.,   0.,   0.])|
36|19|m 0 e|tensor([177.,   0.,   0.,  86.,   0.,   0., 228.,   0.,   0., 143.,   0.,   0.,
         77.,   1.,   0., 225.,   0.,   0., 143.,   0.,   0.,   0.,   0.,   1.,
        131.,   0.,   0.])|
37|0|m 0 e|tensor([143.,   0.,   0.,  77.,   0.,   0., 225.,   0.,   0., 143.,   0.,   0.,
          0.,   1.,   1., 131.,   0.,   0.,  71.,   0.,   0.,  42.,   0.,   0.,
        117.,   0.,   0.])|
38|0|m 0 w|tensor([143.,   0.,   0.,   0.,   0.,   1., 131.,   0.,   0.,  71.,   0.,   0.,
         42.,   1.,   0., 117.,   0.,   0.,  59.,   0.,   0.,  47.,   0.,   0.,
        171.,   0.,   0.])|
39|8|m 0 w|tensor([143.,   0.,   0.,   0.,   0.,   1., 131.,   0.,   0.,  71.,   0.,   0.,
         31.,   1.,   0., 117.,   0.,   0.,  59.,   0.,   0.,  47.,   0.,   0.,
        171.,   0.,   0.])|
40|0|m 0 e|tensor([143.,   0.,   0.,  77.,   0.,   0., 225.,   0.,   0., 143.,   0.,   0.,
          0.,   1.,   1., 131.,   0.,   0.,  71.,   0.,   0.,  31.,   0.,   0.,
        117.,   0.,   0.])|
41|0|m 0 e|tensor([143.,   0.,   0.,   0.,   0.,   1., 131.,   0.,   0.,  71.,   0.,   0.,
         31.,   1.,   0., 117.,   0.,   0.,  59.,   0.,   0.,  47.,   0.,   0.,
        171.,   0.,   0.])|
42|0|m 0 e|tensor([143.,   0.,   0.,   0.,   0.,   1., 131.,   0.,   0.,  71.,   0.,   0.,
         23.,   1.,   0., 117.,   0.,   0.,  59.,   0.,   0.,  47.,   0.,   0.,
        171.,   0.,   0.])|
43|0|m 0 e|tensor([ 71.,   0.,   0.,  23.,   0.,   0., 117.,   0.,   0.,  59.,   0.,   0.,
         47.,   1.,   0., 171.,   0.,   0., 140.,   0.,   0.,  99.,   0.,   0.,
        300.,   0.,   0.])|
44|0|m 0 w|tensor([ 59.,   0.,   0.,  47.,   0.,   0., 171.,   0.,   0., 140.,   0.,   0.,
         99.,   1.,   0., 300.,   0.,   0.,  75.,   0.,   0., 145.,   0.,   0.,
         97.,   0.,   0.])|
45|0|m 0 w|tensor([ 59.,   0.,   0.,  47.,   0.,   0., 171.,   0.,   0., 140.,   0.,   0.,
         74.,   1.,   0., 300.,   0.,   0.,  75.,   0.,   0., 145.,   0.,   0.,
         97.,   0.,   0.])|
46|0|m 0 e|tensor([ 71.,   0.,   0.,  23.,   0.,   0., 117.,   0.,   0.,  59.,   0.,   0.,
         47.,   1.,   0., 171.,   0.,   0., 140.,   0.,   0.,  74.,   0.,   0.,
        300.,   0.,   0.])|
47|0|m 0 e|tensor([ 59.,   0.,   0.,  47.,   0.,   0., 171.,   0.,   0., 140.,   0.,   0.,
         74.,   1.,   0., 300.,   0.,   0.,  75.,   0.,   0., 145.,   0.,   0.,
         97.,   0.,   0.])|
48|0|m 0 w|tensor([140.,   0.,   0.,  74.,   0.,   0., 300.,   0.,   0.,  75.,   0.,   0.,
        145.,   1.,   0.,  97.,   0.,   0.,  73.,   0.,   0., 148.,   0.,   0.,
        106.,   0.,   0.])|
49|0|m 0 n|tensor([140.,   0.,   0.,  74.,   0.,   0., 300.,   0.,   0.,  75.,   0.,   0.,
        108.,   1.,   0.,  97.,   0.,   0.,  73.,   0.,   0., 148.,   0.,   0.,
        106.,   0.,   0.])|
50|0|m 0 w|tensor([ 53.,   0.,   0., 140.,   0.,   0.,  74.,   0.,   0.,  92.,   0.,   0.,
         75.,   1.,   0., 108.,   0.,   0.,  83.,   0.,   0.,  73.,   0.,   0.,
        148.,   0.,   0.])|
51|0|m 0 s|tensor([ 48.,   0.,   0.,  59.,   0.,   0.,  47.,   0.,   0.,  53.,   0.,   0.,
        140.,   1.,   0.,  74.,   0.,   0.,  92.,   0.,   0.,  75.,   0.,   0.,
        108.,   0.,   0.])|
52|0|m 0 e|tensor([ 59.,   0.,   0.,  47.,   0.,   0., 171.,   0.,   0., 140.,   0.,   0.,
         74.,   1.,   0., 300.,   0.,   0.,  75.,   0.,   0., 108.,   0.,   0.,
         97.,   0.,   0.])|
53|0|m 0 e|tensor([140.,   0.,   0.,  74.,   0.,   0., 300.,   0.,   0.,  75.,   0.,   0.,
        108.,   1.,   0.,  97.,   0.,   0.,  73.,   0.,   0., 148.,   0.,   0.,
        106.,   0.,   0.])|
54|0|m 0 w|tensor([140.,   0.,   0.,  74.,   0.,   0., 300.,   0.,   0.,  75.,   0.,   0.,
         81.,   1.,   0.,  97.,   0.,   0.,  73.,   0.,   0., 148.,   0.,   0.,
        106.,   0.,   0.])|
55|0|m 0 e|tensor([ 59.,   0.,   0.,  47.,   0.,   0., 171.,   0.,   0., 140.,   0.,   0.,
         74.,   1.,   0., 300.,   0.,   0.,  75.,   0.,   0.,  81.,   0.,   0.,
         97.,   0.,   0.])|
56|0|m 0 w|tensor([140.,   0.,   0.,  74.,   0.,   0., 300.,   0.,   0.,  75.,   0.,   0.,
         81.,   1.,   0.,  97.,   0.,   0.,  73.,   0.,   0., 148.,   0.,   0.,
        106.,   0.,   0.])|
57|0|m 0 w|tensor([ 59.,   0.,   0.,  47.,   0.,   0., 171.,   0.,   0., 140.,   0.,   0.,
         74.,   1.,   0., 300.,   0.,   0.,  75.,   0.,   0.,  81.,   0.,   0.,
         97.,   0.,   0.])|
58|0|m 0 e|tensor([ 71.,   0.,   0.,  23.,   0.,   0., 117.,   0.,   0.,  59.,   0.,   0.,
         47.,   1.,   0., 171.,   0.,   0., 140.,   0.,   0.,  74.,   0.,   0.,
        300.,   0.,   0.])|
59|0|m 0 e|tensor([ 59.,   0.,   0.,  47.,   0.,   0., 171.,   0.,   0., 140.,   0.,   0.,
         74.,   1.,   0., 300.,   0.,   0.,  75.,   0.,   0.,  81.,   0.,   0.,
         97.,   0.,   0.])|
60|0|m 0 w|tensor([ 59.,   0.,   0.,  47.,   0.,   0., 171.,   0.,   0., 140.,   0.,   0.,
         55.,   1.,   0., 300.,   0.,   0.,  75.,   0.,   0.,  81.,   0.,   0.,
         97.,   0.,   0.])|
61|0|m 0 w|tensor([ 71.,   0.,   0.,  23.,   0.,   0., 117.,   0.,   0.,  59.,   0.,   0.,
         47.,   1.,   0., 171.,   0.,   0., 140.,   0.,   0.,  55.,   0.,   0.,
        300.,   0.,   0.])|
62|0|m 0 e|tensor([143.,   0.,   0.,   0.,   0.,   1., 131.,   0.,   0.,  71.,   0.,   0.,
         23.,   1.,   0., 117.,   0.,   0.,  59.,   0.,   0.,  47.,   0.,   0.,
        171.,   0.,   0.])|
63|0|m 0 e|tensor([ 71.,   0.,   0.,  23.,   0.,   0., 117.,   0.,   0.,  59.,   0.,   0.,
         47.,   1.,   0., 171.,   0.,   0., 140.,   0.,   0.,  55.,   0.,   0.,
        300.,   0.,   0.])|
64|0|m 0 w|tensor([ 59.,   0.,   0.,  47.,   0.,   0., 171.,   0.,   0., 140.,   0.,   0.,
         55.,   1.,   0., 300.,   0.,   0.,  75.,   0.,   0.,  81.,   0.,   0.,
         97.,   0.,   0.])|
65|0|m 0 w|tensor([ 71.,   0.,   0.,  23.,   0.,   0., 117.,   0.,   0.,  59.,   0.,   0.,
         47.,   1.,   0., 171.,   0.,   0., 140.,   0.,   0.,  55.,   0.,   0.,
        300.,   0.,   0.])|
66|0|m 0 w|tensor([ 71.,   0.,   0.,  23.,   0.,   0., 117.,   0.,   0.,  59.,   0.,   0.,
         35.,   1.,   0., 171.,   0.,   0., 140.,   0.,   0.,  55.,   0.,   0.,
        300.,   0.,   0.])|
67|0|m 0 e|tensor([143.,   0.,   0.,   0.,   0.,   1., 131.,   0.,   0.,  71.,   0.,   0.,
         23.,   1.,   0., 117.,   0.,   0.,  59.,   0.,   0.,  35.,   0.,   0.,
        171.,   0.,   0.])|
68|0|m 0 e|tensor([ 71.,   0.,   0.,  23.,   0.,   0., 117.,   0.,   0.,  59.,   0.,   0.,
         35.,   1.,   0., 171.,   0.,   0., 140.,   0.,   0.,  55.,   0.,   0.,
        300.,   0.,   0.])|
69|0|m 0 w|tensor([ 59.,   0.,   0.,  35.,   0.,   0., 171.,   0.,   0., 140.,   0.,   0.,
         55.,   1.,   0., 300.,   0.,   0.,  75.,   0.,   0.,  81.,   0.,   0.,
         97.,   0.,   0.])|
70|0|m 0 w|tensor([ 59.,   0.,   0.,  35.,   0.,   0., 171.,   0.,   0., 140.,   0.,   0.,
         41.,   1.,   0., 300.,   0.,   0.,  75.,   0.,   0.,  81.,   0.,   0.,
         97.,   0.,   0.])|
71|0|m 0 e|tensor([ 71.,   0.,   0.,  23.,   0.,   0., 117.,   0.,   0.,  59.,   0.,   0.,
         35.,   1.,   0., 171.,   0.,   0., 140.,   0.,   0.,  41.,   0.,   0.,
        300.,   0.,   0.])|
72|0|m 0 e|tensor([ 59.,   0.,   0.,  35.,   0.,   0., 171.,   0.,   0., 140.,   0.,   0.,
         41.,   1.,   0., 300.,   0.,   0.,  75.,   0.,   0.,  81.,   0.,   0.,
         97.,   0.,   0.])|
73|0|m 0 w|tensor([140.,   0.,   0.,  41.,   0.,   0., 300.,   0.,   0.,  75.,   0.,   0.,
         81.,   1.,   0.,  97.,   0.,   0.,  73.,   0.,   0., 148.,   0.,   0.,
        106.,   0.,   0.])|
74|0|m 0 e|tensor([140.,   0.,   0.,  41.,   0.,   0., 300.,   0.,   0.,  75.,   0.,   0.,
         60.,   1.,   0.,  97.,   0.,   0.,  73.,   0.,   0., 148.,   0.,   0.,
        106.,   0.,   0.])|
75|0|m 0 e|tensor([ 75.,   0.,   0.,  60.,   0.,   0.,  97.,   0.,   0.,  73.,   0.,   0.,
        148.,   1.,   0., 106.,   0.,   0.,  57.,   0.,   0.,  23.,   0.,   0.,
         49.,   0.,   0.])|
76|0|m 0 e|tensor([ 73.,   0.,   0., 148.,   0.,   0., 106.,   0.,   0.,  57.,   0.,   0.,
         23.,   1.,   0.,  49.,   0.,   0.,  37.,   0.,   0.,  69.,   0.,   0.,
         44.,   0.,   0.])|
77|0|m 0 w|tensor([57.,  0.,  0., 23.,  0.,  0., 49.,  0.,  0., 37.,  0.,  0., 69.,  1.,
         0., 44.,  0.,  0., 37.,  0.,  0., 69.,  0.,  0., 44.,  0.,  0.])|
78|0|m 0 w|tensor([ 73.,   0.,   0., 148.,   0.,   0., 106.,   0.,   0.,  57.,   0.,   0.,
         23.,   1.,   0.,  49.,   0.,   0.,  37.,   0.,   0.,  69.,   0.,   0.,
         44.,   0.,   0.])|
79|0|m 0 s|tensor([ 73.,   0.,   0., 148.,   0.,   0., 106.,   0.,   0.,  57.,   0.,   0.,
         17.,   1.,   0.,  49.,   0.,   0.,  37.,   0.,   0.,  69.,   0.,   0.,
         44.,   0.,   0.])|
80|0|m 0 e|tensor([148.,   0.,   0., 106.,   0.,   0., 173.,   0.,   0.,  17.,   0.,   0.,
         49.,   1.,   0., 150.,   0.,   0.,  69.,   0.,   0.,  44.,   0.,   0.,
        126.,   0.,   0.])|
81|0|m 0 e|tensor([ 17.,   0.,   0.,  49.,   0.,   0., 150.,   0.,   0.,  69.,   0.,   0.,
         44.,   1.,   0., 126.,   0.,   0.,  69.,   0.,   0.,  44.,   0.,   0.,
        126.,   0.,   0.])|
82|0|m 0 w|tensor([ 17.,   0.,   0.,  49.,   0.,   0., 150.,   0.,   0.,  69.,   0.,   0.,
         33.,   1.,   0., 126.,   0.,   0.,  69.,   0.,   0.,  44.,   0.,   0.,
        126.,   0.,   0.])|
83|0|m 0 e|tensor([148.,   0.,   0., 106.,   0.,   0., 173.,   0.,   0.,  17.,   0.,   0.,
         49.,   1.,   0., 150.,   0.,   0.,  69.,   0.,   0.,  33.,   0.,   0.,
        126.,   0.,   0.])|
84|0|m 0 e|tensor([ 17.,   0.,   0.,  49.,   0.,   0., 150.,   0.,   0.,  69.,   0.,   0.,
         33.,   1.,   0., 126.,   0.,   0.,  69.,   0.,   0.,  44.,   0.,   0.,
        126.,   0.,   0.])|
85|0|m 0 e|tensor([ 69.,   0.,   0.,  33.,   0.,   0., 126.,   0.,   0.,  69.,   0.,   0.,
         44.,   1.,   0., 126.,   0.,   0.,  23.,   0.,   0.,  49.,   0.,   0.,
        150.,   0.,   0.])|
86|0|m 0 e|tensor([ 69.,   0.,   0.,  33.,   0.,   0., 126.,   0.,   0.,  69.,   0.,   0.,
         33.,   1.,   0., 126.,   0.,   0.,  23.,   0.,   0.,  49.,   0.,   0.,
        150.,   0.,   0.])|
87|0|m 0 w|tensor([ 69.,   0.,   0.,  33.,   0.,   0., 126.,   0.,   0.,  23.,   0.,   0.,
         49.,   1.,   0., 150.,   0.,   0., 148.,   0.,   0., 106.,   0.,   0.,
        173.,   0.,   0.])|
88|0|m 0 w|tensor([ 69.,   0.,   0.,  33.,   0.,   0., 126.,   0.,   0.,  69.,   0.,   0.,
         33.,   1.,   0., 126.,   0.,   0.,  23.,   0.,   0.,  49.,   0.,   0.,
        150.,   0.,   0.])|
89|0|m 0 w|tensor([ 17.,   0.,   0.,  49.,   0.,   0., 150.,   0.,   0.,  69.,   0.,   0.,
         33.,   1.,   0., 126.,   0.,   0.,  69.,   0.,   0.,  33.,   0.,   0.,
        126.,   0.,   0.])|
90|0|m 0 e|tensor([148.,   0.,   0., 106.,   0.,   0., 173.,   0.,   0.,  17.,   0.,   0.,
         49.,   1.,   0., 150.,   0.,   0.,  69.,   0.,   0.,  33.,   0.,   0.,
        126.,   0.,   0.])|
91|0|m 0 e|tensor([148.,   0.,   0., 106.,   0.,   0., 173.,   0.,   0.,  17.,   0.,   0.,
         36.,   1.,   0., 150.,   0.,   0.,  69.,   0.,   0.,  33.,   0.,   0.,
        126.,   0.,   0.])|
92|0|m 0 e|tensor([ 17.,   0.,   0.,  36.,   0.,   0., 150.,   0.,   0.,  69.,   0.,   0.,
         33.,   1.,   0., 126.,   0.,   0.,  69.,   0.,   0.,  33.,   0.,   0.,
        126.,   0.,   0.])|
93|0|m 0 w|tensor([ 69.,   0.,   0.,  33.,   0.,   0., 126.,   0.,   0.,  69.,   0.,   0.,
         33.,   1.,   0., 126.,   0.,   0.,  23.,   0.,   0.,  49.,   0.,   0.,
        150.,   0.,   0.])|
94|0|m 0 e|tensor([ 17.,   0.,   0.,  36.,   0.,   0., 150.,   0.,   0.,  69.,   0.,   0.,
         33.,   1.,   0., 126.,   0.,   0.,  69.,   0.,   0.,  33.,   0.,   0.,
        126.,   0.,   0.])|
95|0|m 0 e|tensor([ 69.,   0.,   0.,  33.,   0.,   0., 126.,   0.,   0.,  69.,   0.,   0.,
         33.,   1.,   0., 126.,   0.,   0.,  23.,   0.,   0.,  49.,   0.,   0.,
        150.,   0.,   0.])|
96|0|m 0 e|tensor([ 69.,   0.,   0.,  33.,   0.,   0., 126.,   0.,   0.,  69.,   0.,   0.,
         24.,   1.,   0., 126.,   0.,   0.,  23.,   0.,   0.,  49.,   0.,   0.,
        150.,   0.,   0.])|
97|0|m 0 e|tensor([ 69.,   0.,   0.,  24.,   0.,   0., 126.,   0.,   0.,  23.,   0.,   0.,
         49.,   1.,   0., 150.,   0.,   0., 148.,   0.,   0., 106.,   0.,   0.,
        173.,   0.,   0.])|
98|0|m 0 w|tensor([ 23.,   0.,   0.,  49.,   0.,   0., 150.,   0.,   0., 148.,   0.,   0.,
        106.,   1.,   0., 173.,   0.,   0., 145.,   0.,   0.,  97.,   0.,   0.,
        113.,   0.,   0.])|
99|0|m 0 e|tensor([ 23.,   0.,   0.,  49.,   0.,   0., 150.,   0.,   0., 148.,   0.,   0.,
         79.,   1.,   0., 173.,   0.,   0., 145.,   0.,   0.,  97.,   0.,   0.,
        113.,   0.,   0.])|
100|0|m 0 w|tensor([148.,   0.,   0.,  79.,   0.,   0., 173.,   0.,   0., 145.,   0.,   0.,
         97.,   1.,   0., 113.,   0.,   0.,  99.,   0.,   0., 300.,   0.,   0.,
        182.,   0.,   0.])|
101|0|m 0 e|tensor([ 23.,   0.,   0.,  49.,   0.,   0., 150.,   0.,   0., 148.,   0.,   0.,
         79.,   1.,   0., 173.,   0.,   0., 145.,   0.,   0.,  97.,   0.,   0.,
        113.,   0.,   0.])|
102|0|m 0 w|tensor([148.,   0.,   0.,  79.,   0.,   0., 173.,   0.,   0., 145.,   0.,   0.,
         97.,   1.,   0., 113.,   0.,   0.,  99.,   0.,   0., 300.,   0.,   0.,
        182.,   0.,   0.])|
103|0|m 0 e|tensor([148.,   0.,   0.,  79.,   0.,   0., 173.,   0.,   0., 145.,   0.,   0.,
         72.,   1.,   0., 113.,   0.,   0.,  99.,   0.,   0., 300.,   0.,   0.,
        182.,   0.,   0.])|
104|0|m 0 w|tensor([145.,   0.,   0.,  72.,   0.,   0., 113.,   0.,   0.,  99.,   0.,   0.,
        300.,   1.,   0., 182.,   0.,   0.,  63.,   0.,   0., 171.,   0.,   0.,
        176.,   0.,   0.])|
105|0|m 0 w|tensor([145.,   0.,   0.,  72.,   0.,   0., 113.,   0.,   0.,  99.,   0.,   0.,
        225.,   1.,   0., 182.,   0.,   0.,  63.,   0.,   0., 171.,   0.,   0.,
        176.,   0.,   0.])|
106|0|m 0 w|tensor([148.,   0.,   0.,  79.,   0.,   0., 173.,   0.,   0., 145.,   0.,   0.,
         72.,   1.,   0., 113.,   0.,   0.,  99.,   0.,   0., 225.,   0.,   0.,
        182.,   0.,   0.])|
107|0|m 0 w|tensor([ 23.,   0.,   0.,  49.,   0.,   0., 150.,   0.,   0., 148.,   0.,   0.,
         79.,   1.,   0., 173.,   0.,   0., 145.,   0.,   0.,  72.,   0.,   0.,
        113.,   0.,   0.])|
108|0|m 0 e|tensor([ 69.,   0.,   0.,  24.,   0.,   0., 126.,   0.,   0.,  23.,   0.,   0.,
         49.,   1.,   0., 150.,   0.,   0., 148.,   0.,   0.,  79.,   0.,   0.,
        173.,   0.,   0.])|
109|0|m 0 n|tensor([ 23.,   0.,   0.,  49.,   0.,   0., 150.,   0.,   0., 148.,   0.,   0.,
         79.,   1.,   0., 173.,   0.,   0., 145.,   0.,   0.,  72.,   0.,   0.,
        113.,   0.,   0.])|
110|0|m 0 w|tensor([ 57.,   0.,   0.,  23.,   0.,   0.,  49.,   0.,   0.,  73.,   0.,   0.,
        148.,   1.,   0.,  79.,   0.,   0.,  75.,   0.,   0., 145.,   0.,   0.,
         72.,   0.,   0.])|
111|0|m 0 n|tensor([ 37.,   0.,   0.,  69.,   0.,   0.,  24.,   0.,   0.,  57.,   0.,   0.,
         23.,   1.,   0.,  49.,   0.,   0.,  73.,   0.,   0., 148.,   0.,   0.,
         79.,   0.,   0.])|
112|0|m 0 w|tensor([ 80.,   0.,   0.,  37.,   0.,   0.,  69.,   0.,   0., 250.,   0.,   0.,
         57.,   1.,   0.,  23.,   0.,   0.,  83.,   0.,   0.,  73.,   0.,   0.,
        148.,   0.,   0.])|
113|0|m 0 w|tensor([ 80.,   0.,   0.,  37.,   0.,   0.,  69.,   0.,   0.,  80.,   0.,   0.,
         37.,   1.,   0.,  69.,   0.,   0., 250.,   0.,   0.,  57.,   0.,   0.,
         23.,   0.,   0.])|
114|0|m 0 w|tensor([250.,   0.,   0.,  57.,   0.,   0.,  17.,   0.,   0.,  80.,   0.,   0.,
         37.,   1.,   0.,  69.,   0.,   0.,  80.,   0.,   0.,  37.,   0.,   0.,
         69.,   0.,   0.])|
115|0|m 0 s|tensor([ 83.,   0.,   0.,  73.,   0.,   0., 148.,   0.,   0., 250.,   0.,   0.,
         57.,   1.,   0.,  17.,   0.,   0.,  80.,   0.,   0.,  37.,   0.,   0.,
         69.,   0.,   0.])|
116|0|m 0 w|tensor([ 73.,   0.,   0., 148.,   0.,   0., 106.,   0.,   0.,  57.,   0.,   0.,
         17.,   1.,   0.,  36.,   0.,   0.,  37.,   0.,   0.,  69.,   0.,   0.,
         33.,   0.,   0.])|
117|0|m 0 w|tensor([ 75.,   0.,   0.,  60.,   0.,   0.,  97.,   0.,   0.,  73.,   0.,   0.,
        148.,   1.,   0., 106.,   0.,   0.,  57.,   0.,   0.,  17.,   0.,   0.,
         36.,   0.,   0.])|
118|0|m 0 e|tensor([140.,   0.,   0.,  41.,   0.,   0., 300.,   0.,   0.,  75.,   0.,   0.,
         60.,   1.,   0.,  97.,   0.,   0.,  73.,   0.,   0., 148.,   0.,   0.,
        106.,   0.,   0.])|
119|0|m 0 w|tensor([ 75.,   0.,   0.,  60.,   0.,   0.,  97.,   0.,   0.,  73.,   0.,   0.,
        148.,   1.,   0., 106.,   0.,   0.,  57.,   0.,   0.,  17.,   0.,   0.,
         36.,   0.,   0.])|
120|0|m 0 w|tensor([ 75.,   0.,   0.,  60.,   0.,   0.,  97.,   0.,   0.,  73.,   0.,   0.,
        111.,   1.,   0., 106.,   0.,   0.,  57.,   0.,   0.,  17.,   0.,   0.,
         36.,   0.,   0.])|
121|0|m 0 w|tensor([140.,   0.,   0.,  41.,   0.,   0., 300.,   0.,   0.,  75.,   0.,   0.,
         60.,   1.,   0.,  97.,   0.,   0.,  73.,   0.,   0., 111.,   0.,   0.,
        106.,   0.,   0.])|
122|0|m 0 w|tensor([ 59.,   0.,   0.,  35.,   0.,   0., 171.,   0.,   0., 140.,   0.,   0.,
         41.,   1.,   0., 300.,   0.,   0.,  75.,   0.,   0.,  60.,   0.,   0.,
         97.,   0.,   0.])|
123|0|m 0 w|tensor([ 71.,   0.,   0.,  23.,   0.,   0., 117.,   0.,   0.,  59.,   0.,   0.,
         35.,   1.,   0., 171.,   0.,   0., 140.,   0.,   0.,  41.,   0.,   0.,
        300.,   0.,   0.])|
124|12|m 0 w|tensor([143.,   0.,   0.,   0.,   0.,   1., 131.,   0.,   0.,  71.,   0.,   0.,
         23.,   1.,   0., 117.,   0.,   0.,  59.,   0.,   0.,  35.,   0.,   0.,
        171.,   0.,   0.])|
125|0|m 0 e|tensor([143.,   0.,   0.,  77.,   0.,   0., 225.,   0.,   0., 143.,   0.,   0.,
          0.,   1.,   1., 131.,   0.,   0.,  71.,   0.,   0.,  23.,   0.,   0.,
        117.,   0.,   0.])|
126|0|m 0 e|tensor([143.,   0.,   0.,   0.,   0.,   1., 131.,   0.,   0.,  71.,   0.,   0.,
         23.,   1.,   0., 117.,   0.,   0.,  59.,   0.,   0.,  35.,   0.,   0.,
        171.,   0.,   0.])|
127|0|m 0 e|tensor([143.,   0.,   0.,   0.,   0.,   1., 131.,   0.,   0.,  71.,   0.,   0.,
         17.,   1.,   0., 117.,   0.,   0.,  59.,   0.,   0.,  35.,   0.,   0.,
        171.,   0.,   0.])|
128|0|m 0 e|tensor([ 71.,   0.,   0.,  17.,   0.,   0., 117.,   0.,   0.,  59.,   0.,   0.,
         35.,   1.,   0., 171.,   0.,   0., 140.,   0.,   0.,  41.,   0.,   0.,
        300.,   0.,   0.])|
129|0|m 0 w|tensor([ 59.,   0.,   0.,  35.,   0.,   0., 171.,   0.,   0., 140.,   0.,   0.,
         41.,   1.,   0., 300.,   0.,   0.,  75.,   0.,   0.,  60.,   0.,   0.,
         97.,   0.,   0.])|
130|0|m 0 w|tensor([ 59.,   0.,   0.,  35.,   0.,   0., 171.,   0.,   0., 140.,   0.,   0.,
         30.,   1.,   0., 300.,   0.,   0.,  75.,   0.,   0.,  60.,   0.,   0.,
         97.,   0.,   0.])|
131|0|m 0 e|tensor([ 71.,   0.,   0.,  17.,   0.,   0., 117.,   0.,   0.,  59.,   0.,   0.,
         35.,   1.,   0., 171.,   0.,   0., 140.,   0.,   0.,  30.,   0.,   0.,
        300.,   0.,   0.])|
132|0|m 0 w|tensor([ 59.,   0.,   0.,  35.,   0.,   0., 171.,   0.,   0., 140.,   0.,   0.,
         30.,   1.,   0., 300.,   0.,   0.,  75.,   0.,   0.,  60.,   0.,   0.,
         97.,   0.,   0.])|
133|0|m 0 e|tensor([ 71.,   0.,   0.,  17.,   0.,   0., 117.,   0.,   0.,  59.,   0.,   0.,
         35.,   1.,   0., 171.,   0.,   0., 140.,   0.,   0.,  30.,   0.,   0.,
        300.,   0.,   0.])|
134|0|m 0 w|tensor([ 59.,   0.,   0.,  35.,   0.,   0., 171.,   0.,   0., 140.,   0.,   0.,
         30.,   1.,   0., 300.,   0.,   0.,  75.,   0.,   0.,  60.,   0.,   0.,
         97.,   0.,   0.])|
135|0|m 0 w|tensor([ 59.,   0.,   0.,  35.,   0.,   0., 171.,   0.,   0., 140.,   0.,   0.,
         22.,   1.,   0., 300.,   0.,   0.,  75.,   0.,   0.,  60.,   0.,   0.,
         97.,   0.,   0.])|
136|0|m 0 w|tensor([ 71.,   0.,   0.,  17.,   0.,   0., 117.,   0.,   0.,  59.,   0.,   0.,
         35.,   1.,   0., 171.,   0.,   0., 140.,   0.,   0.,  22.,   0.,   0.,
        300.,   0.,   0.])|
137|3|m 0 w|tensor([143.,   0.,   0.,   0.,   0.,   1., 131.,   0.,   0.,  71.,   0.,   0.,
         17.,   1.,   0., 117.,   0.,   0.,  59.,   0.,   0.,  35.,   0.,   0.,
        171.,   0.,   0.])|
138|0|m 0 n|tensor([143.,   0.,   0.,  77.,   0.,   0., 225.,   0.,   0., 143.,   0.,   0.,
          0.,   1.,   1., 131.,   0.,   0.,  71.,   0.,   0.,  17.,   0.,   0.,
        117.,   0.,   0.])|
139|0|m 0 w|tensor([ 88.,   0.,   0., 143.,   0.,   0.,  77.,   0.,   0., 146.,   0.,   0.,
        143.,   1.,   0.,   0.,   0.,   1., 202.,   0.,   0.,  71.,   0.,   0.,
         17.,   0.,   0.])|
140|26|m 0 s|tensor([ 88.,   0.,   0., 143.,   0.,   0.,  77.,   0.,   0., 146.,   0.,   0.,
        107.,   1.,   0.,   0.,   0.,   1., 202.,   0.,   0.,  71.,   0.,   0.,
         17.,   0.,   0.])|
141|0|m 0 n|tensor([143.,   0.,   0.,  77.,   0.,   0., 225.,   0.,   0., 107.,   0.,   0.,
          0.,   1.,   1., 131.,   0.,   0.,  71.,   0.,   0.,  17.,   0.,   0.,
        117.,   0.,   0.])|
142|0|m 0 w|tensor([ 88.,   0.,   0., 143.,   0.,   0.,  77.,   0.,   0., 146.,   0.,   0.,
        107.,   1.,   0.,   0.,   0.,   1., 202.,   0.,   0.,  71.,   0.,   0.,
         17.,   0.,   0.])|
143|0|m 0 w|tensor([ 88.,   0.,   0., 143.,   0.,   0.,  77.,   0.,   0., 146.,   0.,   0.,
         80.,   1.,   0.,   0.,   0.,   1., 202.,   0.,   0.,  71.,   0.,   0.,
         17.,   0.,   0.])|
144|0|m 0 w|tensor([ 65.,   0.,   0., 177.,   0.,   0.,  86.,   0.,   0.,  88.,   0.,   0.,
        143.,   1.,   0.,  77.,   0.,   0., 146.,   0.,   0.,  80.,   0.,   0.,
          0.,   0.,   1.])|
145|0|m 0 w|tensor([ 88.,   0.,   0., 185.,   0.,   0.,  87.,   0.,   0.,  65.,   0.,   0.,
        177.,   1.,   0.,  86.,   0.,   0.,  88.,   0.,   0., 143.,   0.,   0.,
         77.,   0.,   0.])|
146|0|m 0 w|tensor([ 88.,   0.,   0., 185.,   0.,   0.,  87.,   0.,   0.,  65.,   0.,   0.,
        132.,   1.,   0.,  86.,   0.,   0.,  88.,   0.,   0., 143.,   0.,   0.,
         77.,   0.,   0.])|
147|0|m 0 w|tensor([ 83.,   0.,   0., 212.,   0.,   0., 270.,   0.,   0.,  88.,   0.,   0.,
        185.,   1.,   0.,  87.,   0.,   0.,  65.,   0.,   0., 132.,   0.,   0.,
         86.,   0.,   0.])|
148|0|m 0 w|tensor([ 91.,   0.,   0., 108.,   0.,   0., 308.,   0.,   0.,  83.,   0.,   0.,
        212.,   1.,   0., 270.,   0.,   0.,  88.,   0.,   0., 185.,   0.,   0.,
         87.,   0.,   0.])|
149|0|m 0 e|tensor([ 91.,   0.,   0., 108.,   0.,   0., 308.,   0.,   0.,  83.,   0.,   0.,
        159.,   1.,   0., 270.,   0.,   0.,  88.,   0.,   0., 185.,   0.,   0.,
         87.,   0.,   0.])|
150|0|m 0 e|tensor([ 83.,   0.,   0., 159.,   0.,   0., 270.,   0.,   0.,  88.,   0.,   0.,
        185.,   1.,   0.,  87.,   0.,   0.,  65.,   0.,   0., 132.,   0.,   0.,
         86.,   0.,   0.])|
151|0|m 0 s|tensor([ 88.,   0.,   0., 185.,   0.,   0.,  87.,   0.,   0.,  65.,   0.,   0.,
        132.,   1.,   0.,  86.,   0.,   0.,  88.,   0.,   0., 143.,   0.,   0.,
         77.,   0.,   0.])|
152|0|m 0 e|tensor([185.,   0.,   0.,  87.,   0.,   0., 225.,   0.,   0., 132.,   0.,   0.,
         86.,   1.,   0., 228.,   0.,   0., 143.,   0.,   0.,  77.,   0.,   0.,
        225.,   0.,   0.])|
153|0|m 0 w|tensor([132.,   0.,   0.,  86.,   0.,   0., 228.,   0.,   0., 143.,   0.,   0.,
         77.,   1.,   0., 225.,   0.,   0.,  80.,   0.,   0.,   0.,   0.,   1.,
        131.,   0.,   0.])|
154|0|m 0 w|tensor([185.,   0.,   0.,  87.,   0.,   0., 225.,   0.,   0., 132.,   0.,   0.,
         86.,   1.,   0., 228.,   0.,   0., 143.,   0.,   0.,  77.,   0.,   0.,
        225.,   0.,   0.])|
155|0|m 0 w|tensor([159.,   0.,   0., 270.,   0.,   0., 154.,   0.,   0., 185.,   0.,   0.,
         87.,   1.,   0., 225.,   0.,   0., 132.,   0.,   0.,  86.,   0.,   0.,
        228.,   0.,   0.])|
156|0|m 0 e|tensor([159.,   0.,   0., 270.,   0.,   0., 154.,   0.,   0., 185.,   0.,   0.,
         65.,   1.,   0., 225.,   0.,   0., 132.,   0.,   0.,  86.,   0.,   0.,
        228.,   0.,   0.])|
157|0|m 0 w|tensor([185.,   0.,   0.,  65.,   0.,   0., 225.,   0.,   0., 132.,   0.,   0.,
         86.,   1.,   0., 228.,   0.,   0., 143.,   0.,   0.,  77.,   0.,   0.,
        225.,   0.,   0.])|
158|0|m 0 w|tensor([159.,   0.,   0., 270.,   0.,   0., 154.,   0.,   0., 185.,   0.,   0.,
         65.,   1.,   0., 225.,   0.,   0., 132.,   0.,   0.,  86.,   0.,   0.,
        228.,   0.,   0.])|
159|0|m 0 w|tensor([108.,   0.,   0., 308.,   0.,   0., 146.,   0.,   0., 159.,   0.,   0.,
        270.,   1.,   0., 154.,   0.,   0., 185.,   0.,   0.,  65.,   0.,   0.,
        225.,   0.,   0.])|
160|0|m 0 w|tensor([108.,   0.,   0., 308.,   0.,   0., 146.,   0.,   0., 159.,   0.,   0.,
        202.,   1.,   0., 154.,   0.,   0., 185.,   0.,   0.,  65.,   0.,   0.,
        225.,   0.,   0.])|
161|0|m 0 w|tensor([ 78.,   0.,   0., 166.,   0.,   0., 280.,   0.,   0., 108.,   0.,   0.,
        308.,   1.,   0., 146.,   0.,   0., 159.,   0.,   0., 202.,   0.,   0.,
        154.,   0.,   0.])|
162|0|m 0 e|tensor([133.,   0.,   0., 113.,   0.,   0., 214.,   0.,   0.,  78.,   0.,   0.,
        166.,   1.,   0., 280.,   0.,   0., 108.,   0.,   0., 308.,   0.,   0.,
        146.,   0.,   0.])|
163|0|m 0 s|tensor([ 78.,   0.,   0., 166.,   0.,   0., 280.,   0.,   0., 108.,   0.,   0.,
        308.,   1.,   0., 146.,   0.,   0., 159.,   0.,   0., 202.,   0.,   0.,
        154.,   0.,   0.])|
164|0|m 0 w|tensor([ 78.,   0.,   0., 166.,   0.,   0., 280.,   0.,   0., 108.,   0.,   0.,
        231.,   1.,   0., 146.,   0.,   0., 159.,   0.,   0., 202.,   0.,   0.,
        154.,   0.,   0.])|
165|0|m 0 e|tensor([133.,   0.,   0., 113.,   0.,   0., 214.,   0.,   0.,  78.,   0.,   0.,
        166.,   1.,   0., 280.,   0.,   0., 108.,   0.,   0., 231.,   0.,   0.,
        146.,   0.,   0.])|
166|0|m 0 e|tensor([ 78.,   0.,   0., 166.,   0.,   0., 280.,   0.,   0., 108.,   0.,   0.,
        231.,   1.,   0., 146.,   0.,   0., 159.,   0.,   0., 202.,   0.,   0.,
        154.,   0.,   0.])|
167|0|m 0 n|tensor([108.,   0.,   0., 231.,   0.,   0., 146.,   0.,   0., 159.,   0.,   0.,
        202.,   1.,   0., 154.,   0.,   0., 185.,   0.,   0.,  65.,   0.,   0.,
        225.,   0.,   0.])|
168|0|m 0 w|tensor([ 91.,   0.,   0., 108.,   0.,   0., 231.,   0.,   0.,  83.,   0.,   0.,
        159.,   1.,   0., 202.,   0.,   0.,  88.,   0.,   0., 185.,   0.,   0.,
         65.,   0.,   0.])|
169|0|m 0 w|tensor([ 91.,   0.,   0., 108.,   0.,   0., 231.,   0.,   0.,  83.,   0.,   0.,
        119.,   1.,   0., 202.,   0.,   0.,  88.,   0.,   0., 185.,   0.,   0.,
         65.,   0.,   0.])|
170|0|m 0 w|tensor([ 86.,   0.,   0.,  78.,   0.,   0., 166.,   0.,   0.,  91.,   0.,   0.,
        108.,   1.,   0., 231.,   0.,   0.,  83.,   0.,   0., 119.,   0.,   0.,
        202.,   0.,   0.])|
171|0|m 0 e|tensor([ 75.,   0.,   0., 133.,   0.,   0., 113.,   0.,   0.,  86.,   0.,   0.,
         78.,   1.,   0., 166.,   0.,   0.,  91.,   0.,   0., 108.,   0.,   0.,
        231.,   0.,   0.])|
172|0|m 0 e|tensor([ 86.,   0.,   0.,  78.,   0.,   0., 166.,   0.,   0.,  91.,   0.,   0.,
        108.,   1.,   0., 231.,   0.,   0.,  83.,   0.,   0., 119.,   0.,   0.,
        202.,   0.,   0.])|
173|0|m 0 s|tensor([ 91.,   0.,   0., 108.,   0.,   0., 231.,   0.,   0.,  83.,   0.,   0.,
        119.,   1.,   0., 202.,   0.,   0.,  88.,   0.,   0., 185.,   0.,   0.,
         65.,   0.,   0.])|
174|0|m 0 w|tensor([ 91.,   0.,   0., 108.,   0.,   0., 231.,   0.,   0.,  83.,   0.,   0.,
         89.,   1.,   0., 202.,   0.,   0.,  88.,   0.,   0., 185.,   0.,   0.,
         65.,   0.,   0.])|
175|0|m 0 e|tensor([ 86.,   0.,   0.,  78.,   0.,   0., 166.,   0.,   0.,  91.,   0.,   0.,
        108.,   1.,   0., 231.,   0.,   0.,  83.,   0.,   0.,  89.,   0.,   0.,
        202.,   0.,   0.])|
176|0|m 0 e|tensor([ 91.,   0.,   0., 108.,   0.,   0., 231.,   0.,   0.,  83.,   0.,   0.,
         89.,   1.,   0., 202.,   0.,   0.,  88.,   0.,   0., 185.,   0.,   0.,
         65.,   0.,   0.])|
177|0|m 0 s|tensor([ 83.,   0.,   0.,  89.,   0.,   0., 202.,   0.,   0.,  88.,   0.,   0.,
        185.,   1.,   0.,  65.,   0.,   0.,  65.,   0.,   0., 132.,   0.,   0.,
         86.,   0.,   0.])|
178|0|m 0 w|tensor([ 83.,   0.,   0.,  89.,   0.,   0., 202.,   0.,   0.,  88.,   0.,   0.,
        138.,   1.,   0.,  65.,   0.,   0.,  65.,   0.,   0., 132.,   0.,   0.,
         86.,   0.,   0.])|
179|0|m 0 w|tensor([ 91.,   0.,   0., 108.,   0.,   0., 231.,   0.,   0.,  83.,   0.,   0.,
         89.,   1.,   0., 202.,   0.,   0.,  88.,   0.,   0., 138.,   0.,   0.,
         65.,   0.,   0.])|
180|0|m 0 e|tensor([ 86.,   0.,   0.,  78.,   0.,   0., 166.,   0.,   0.,  91.,   0.,   0.,
        108.,   1.,   0., 231.,   0.,   0.,  83.,   0.,   0.,  89.,   0.,   0.,
        202.,   0.,   0.])|
181|0|m 0 w|tensor([ 91.,   0.,   0., 108.,   0.,   0., 231.,   0.,   0.,  83.,   0.,   0.,
         89.,   1.,   0., 202.,   0.,   0.,  88.,   0.,   0., 138.,   0.,   0.,
         65.,   0.,   0.])|
182|0|m 0 e|tensor([ 86.,   0.,   0.,  78.,   0.,   0., 166.,   0.,   0.,  91.,   0.,   0.,
        108.,   1.,   0., 231.,   0.,   0.,  83.,   0.,   0.,  89.,   0.,   0.,
        202.,   0.,   0.])|
183|0|m 0 w|tensor([ 91.,   0.,   0., 108.,   0.,   0., 231.,   0.,   0.,  83.,   0.,   0.,
         89.,   1.,   0., 202.,   0.,   0.,  88.,   0.,   0., 138.,   0.,   0.,
         65.,   0.,   0.])|
184|0|m 0 e|tensor([ 91.,   0.,   0., 108.,   0.,   0., 231.,   0.,   0.,  83.,   0.,   0.,
         66.,   1.,   0., 202.,   0.,   0.,  88.,   0.,   0., 138.,   0.,   0.,
         65.,   0.,   0.])|
185|0|m 0 s|tensor([ 83.,   0.,   0.,  66.,   0.,   0., 202.,   0.,   0.,  88.,   0.,   0.,
        138.,   1.,   0.,  65.,   0.,   0.,  65.,   0.,   0., 132.,   0.,   0.,
         86.,   0.,   0.])|
186|0|m 0 w|tensor([ 66.,   0.,   0., 202.,   0.,   0., 154.,   0.,   0., 138.,   0.,   0.,
         65.,   1.,   0., 225.,   0.,   0., 132.,   0.,   0.,  86.,   0.,   0.,
        228.,   0.,   0.])|
187|0|m 0 w|tensor([108.,   0.,   0., 231.,   0.,   0., 146.,   0.,   0.,  66.,   0.,   0.,
        202.,   1.,   0., 154.,   0.,   0., 138.,   0.,   0.,  65.,   0.,   0.,
        225.,   0.,   0.])|
188|0|m 0 w|tensor([108.,   0.,   0., 231.,   0.,   0., 146.,   0.,   0.,  66.,   0.,   0.,
        151.,   1.,   0., 154.,   0.,   0., 138.,   0.,   0.,  65.,   0.,   0.,
        225.,   0.,   0.])|
189|0|m 0 w|tensor([ 78.,   0.,   0., 166.,   0.,   0., 280.,   0.,   0., 108.,   0.,   0.,
        231.,   1.,   0., 146.,   0.,   0.,  66.,   0.,   0., 151.,   0.,   0.,
        154.,   0.,   0.])|
190|0|m 0 s|tensor([133.,   0.,   0., 113.,   0.,   0., 214.,   0.,   0.,  78.,   0.,   0.,
        166.,   1.,   0., 280.,   0.,   0., 108.,   0.,   0., 231.,   0.,   0.,
        146.,   0.,   0.])|
191|0|m 0 e|tensor([113.,   0.,   0., 214.,   0.,   0., 101.,   0.,   0., 166.,   0.,   0.,
        280.,   1.,   0., 341.,   0.,   0., 231.,   0.,   0., 146.,   0.,   0.,
        228.,   0.,   0.])|
192|0|m 0 e|tensor([113.,   0.,   0., 214.,   0.,   0., 101.,   0.,   0., 166.,   0.,   0.,
        210.,   1.,   0., 341.,   0.,   0., 231.,   0.,   0., 146.,   0.,   0.,
        228.,   0.,   0.])|
193|0|m 0 n|tensor([166.,   0.,   0., 210.,   0.,   0., 341.,   0.,   0., 231.,   0.,   0.,
        146.,   1.,   0., 228.,   0.,   0., 151.,   0.,   0., 154.,   0.,   0.,
        162.,   0.,   0.])|
194|0|m 0 w|tensor([ 78.,   0.,   0., 166.,   0.,   0., 210.,   0.,   0., 108.,   0.,   0.,
        231.,   1.,   0., 146.,   0.,   0.,  66.,   0.,   0., 151.,   0.,   0.,
        154.,   0.,   0.])|
195|0|m 0 w|tensor([133.,   0.,   0., 113.,   0.,   0., 214.,   0.,   0.,  78.,   0.,   0.,
        166.,   1.,   0., 210.,   0.,   0., 108.,   0.,   0., 231.,   0.,   0.,
        146.,   0.,   0.])|
196|0|m 0 w|tensor([133.,   0.,   0., 113.,   0.,   0., 214.,   0.,   0.,  78.,   0.,   0.,
        124.,   1.,   0., 210.,   0.,   0., 108.,   0.,   0., 231.,   0.,   0.,
        146.,   0.,   0.])|
197|0|m 0 w|tensor([ 59.,   0.,   0.,   7.,   0.,   0., 119.,   0.,   0., 133.,   0.,   0.,
        113.,   1.,   0., 214.,   0.,   0.,  78.,   0.,   0., 124.,   0.,   0.,
        210.,   0.,   0.])|
198|0|m 0 n|tensor([ 59.,   0.,   0.,   7.,   0.,   0., 119.,   0.,   0.,  59.,   0.,   0.,
          7.,   1.,   0., 119.,   0.,   0., 133.,   0.,   0., 113.,   0.,   0.,
        214.,   0.,   0.])|
199|0|m 0 w|tensor([ 33.,   0.,   0.,  59.,   0.,   0.,   7.,   0.,   0.,  33.,   0.,   0.,
         59.,   1.,   0.,   7.,   0.,   0.,  75.,   0.,   0., 133.,   0.,   0.,
        113.,   0.,   0.])|
200|0|m 0 e|tensor([ 75.,   0.,   0., 133.,   0.,   0., 113.,   0.,   0.,  33.,   0.,   0.,
         59.,   1.,   0.,   7.,   0.,   0.,  33.,   0.,   0.,  59.,   0.,   0.,
          7.,   0.,   0.])|
201|0|m 0 e|tensor([ 33.,   0.,   0.,  59.,   0.,   0.,   7.,   0.,   0.,  33.,   0.,   0.,
         59.,   1.,   0.,   7.,   0.,   0.,  75.,   0.,   0., 133.,   0.,   0.,
        113.,   0.,   0.])|
202|0|m 0 w|tensor([ 33.,   0.,   0.,  59.,   0.,   0.,   7.,   0.,   0.,  75.,   0.,   0.,
        133.,   1.,   0., 113.,   0.,   0.,  86.,   0.,   0.,  78.,   0.,   0.,
        124.,   0.,   0.])|
203|0|m 0 n|tensor([ 33.,   0.,   0.,  59.,   0.,   0.,   7.,   0.,   0.,  33.,   0.,   0.,
         59.,   1.,   0.,   7.,   0.,   0.,  75.,   0.,   0., 133.,   0.,   0.,
        113.,   0.,   0.])|
204|0|m 0 w|tensor([ 33.,   0.,   0.,  59.,   0.,   0.,   7.,   0.,   0.,  33.,   0.,   0.,
         44.,   1.,   0.,   7.,   0.,   0.,  75.,   0.,   0., 133.,   0.,   0.,
        113.,   0.,   0.])|
205|0|m 0 w|tensor([ 75.,   0.,   0., 133.,   0.,   0., 113.,   0.,   0.,  33.,   0.,   0.,
         59.,   1.,   0.,   7.,   0.,   0.,  33.,   0.,   0.,  44.,   0.,   0.,
          7.,   0.,   0.])|
206|0|m 0 s|tensor([ 86.,   0.,   0.,  78.,   0.,   0., 166.,   0.,   0.,  75.,   0.,   0.,
        133.,   1.,   0., 113.,   0.,   0.,  33.,   0.,   0.,  59.,   0.,   0.,
          7.,   0.,   0.])|
207|0|m 0 w|tensor([ 86.,   0.,   0.,  78.,   0.,   0., 166.,   0.,   0.,  75.,   0.,   0.,
         99.,   1.,   0., 113.,   0.,   0.,  33.,   0.,   0.,  59.,   0.,   0.,
          7.,   0.,   0.])|
208|0|m 0 e|tensor([ 91.,   0.,   0., 108.,   0.,   0., 308.,   0.,   0.,  86.,   0.,   0.,
         78.,   1.,   0., 166.,   0.,   0.,  75.,   0.,   0.,  99.,   0.,   0.,
        113.,   0.,   0.])|
209|0|m 0 w|tensor([ 86.,   0.,   0.,  78.,   0.,   0., 166.,   0.,   0.,  75.,   0.,   0.,
         99.,   1.,   0., 113.,   0.,   0.,  33.,   0.,   0.,  59.,   0.,   0.,
          7.,   0.,   0.])|
210|0|m 0 w|tensor([ 91.,   0.,   0., 108.,   0.,   0., 308.,   0.,   0.,  86.,   0.,   0.,
         78.,   1.,   0., 166.,   0.,   0.,  75.,   0.,   0.,  99.,   0.,   0.,
        113.,   0.,   0.])|
211|0|m 0 w|tensor([ 83.,   0.,   0., 212.,   0.,   0., 270.,   0.,   0.,  91.,   0.,   0.,
        108.,   1.,   0., 308.,   0.,   0.,  86.,   0.,   0.,  78.,   0.,   0.,
        166.,   0.,   0.])|
212|0|m 0 w|tensor([ 88.,   0.,   0., 185.,   0.,   0., 116.,   0.,   0.,  83.,   0.,   0.,
        212.,   1.,   0., 270.,   0.,   0.,  91.,   0.,   0., 108.,   0.,   0.,
        308.,   0.,   0.])|
213|0|m 0 w|tensor([ 88.,   0.,   0., 185.,   0.,   0., 116.,   0.,   0.,  83.,   0.,   0.,
        159.,   1.,   0., 270.,   0.,   0.,  91.,   0.,   0., 108.,   0.,   0.,
        308.,   0.,   0.])|
214|0|m 0 e|tensor([ 65.,   0.,   0., 177.,   0.,   0., 115.,   0.,   0.,  88.,   0.,   0.,
        185.,   1.,   0., 116.,   0.,   0.,  83.,   0.,   0., 159.,   0.,   0.,
        270.,   0.,   0.])|
215|0|m 0 w|tensor([ 88.,   0.,   0., 185.,   0.,   0., 116.,   0.,   0.,  83.,   0.,   0.,
        159.,   1.,   0., 270.,   0.,   0.,  91.,   0.,   0., 108.,   0.,   0.,
        308.,   0.,   0.])|
216|0|m 0 s|tensor([ 65.,   0.,   0., 177.,   0.,   0., 115.,   0.,   0.,  88.,   0.,   0.,
        185.,   1.,   0., 116.,   0.,   0.,  83.,   0.,   0., 159.,   0.,   0.,
        270.,   0.,   0.])|
217|0|m 0 w|tensor([ 65.,   0.,   0., 177.,   0.,   0., 115.,   0.,   0.,  88.,   0.,   0.,
        138.,   1.,   0., 116.,   0.,   0.,  83.,   0.,   0., 159.,   0.,   0.,
        270.,   0.,   0.])|
218|0|m 0 w|tensor([ 88.,   0.,   0., 143.,   0.,   0., 184.,   0.,   0.,  65.,   0.,   0.,
        177.,   1.,   0., 115.,   0.,   0.,  88.,   0.,   0., 138.,   0.,   0.,
        116.,   0.,   0.])|
219|0|m 0 n|tensor([146.,   0.,   0., 143.,   0.,   0.,   0.,   0.,   1.,  88.,   0.,   0.,
        143.,   1.,   0., 184.,   0.,   0.,  65.,   0.,   0., 177.,   0.,   0.,
        115.,   0.,   0.])|
220|0|m 0 e|tensor([107.,   0.,   0., 146.,   0.,   0., 143.,   0.,   0.,  58.,   0.,   0.,
         88.,   1.,   0., 143.,   0.,   0., 161.,   0.,   0.,  65.,   0.,   0.,
        177.,   0.,   0.])|
221|0|m 0 n|tensor([ 58.,   0.,   0.,  88.,   0.,   0., 143.,   0.,   0., 161.,   0.,   0.,
         65.,   1.,   0., 177.,   0.,   0., 125.,   0.,   0.,  88.,   0.,   0.,
        138.,   0.,   0.])|
222|0|m 0 e|tensor([ 58.,   0.,   0.,  88.,   0.,   0., 143.,   0.,   0., 161.,   0.,   0.,
         48.,   1.,   0., 177.,   0.,   0., 125.,   0.,   0.,  88.,   0.,   0.,
        138.,   0.,   0.])|
223|0|m 0 w|tensor([161.,   0.,   0.,  48.,   0.,   0., 177.,   0.,   0., 125.,   0.,   0.,
         88.,   1.,   0., 138.,   0.,   0., 145.,   0.,   0.,  83.,   0.,   0.,
        159.,   0.,   0.])|
224|0|m 0 e|tensor([ 58.,   0.,   0.,  88.,   0.,   0., 143.,   0.,   0., 161.,   0.,   0.,
         48.,   1.,   0., 177.,   0.,   0., 125.,   0.,   0.,  88.,   0.,   0.,
        138.,   0.,   0.])|
225|0|m 0 w|tensor([161.,   0.,   0.,  48.,   0.,   0., 177.,   0.,   0., 125.,   0.,   0.,
         88.,   1.,   0., 138.,   0.,   0., 145.,   0.,   0.,  83.,   0.,   0.,
        159.,   0.,   0.])|
226|0|m 0 w|tensor([161.,   0.,   0.,  48.,   0.,   0., 177.,   0.,   0., 125.,   0.,   0.,
         66.,   1.,   0., 138.,   0.,   0., 145.,   0.,   0.,  83.,   0.,   0.,
        159.,   0.,   0.])|
227|0|m 0 e|tensor([ 58.,   0.,   0.,  88.,   0.,   0., 143.,   0.,   0., 161.,   0.,   0.,
         48.,   1.,   0., 177.,   0.,   0., 125.,   0.,   0.,  66.,   0.,   0.,
        138.,   0.,   0.])|
228|0|m 0 w|tensor([161.,   0.,   0.,  48.,   0.,   0., 177.,   0.,   0., 125.,   0.,   0.,
         66.,   1.,   0., 138.,   0.,   0., 145.,   0.,   0.,  83.,   0.,   0.,
        159.,   0.,   0.])|
229|0|m 0 n|tensor([ 58.,   0.,   0.,  88.,   0.,   0., 143.,   0.,   0., 161.,   0.,   0.,
         48.,   1.,   0., 177.,   0.,   0., 125.,   0.,   0.,  66.,   0.,   0.,
        138.,   0.,   0.])|
230|0|m 0 n|tensor([ 47.,   0.,   0.,  58.,   0.,   0.,  88.,   0.,   0., 249.,   0.,   0.,
        161.,   1.,   0.,  48.,   0.,   0., 164.,   0.,   0., 125.,   0.,   0.,
         66.,   0.,   0.])|
231|0|m 0 w|tensor([ 47.,   0.,   0.,  58.,   0.,   0.,  88.,   0.,   0., 249.,   0.,   0.,
        120.,   1.,   0.,  48.,   0.,   0., 164.,   0.,   0., 125.,   0.,   0.,
         66.,   0.,   0.])|
232|0|m 0 w|tensor([  7.,   0.,   0., 107.,   0.,   0., 146.,   0.,   0.,  47.,   0.,   0.,
         58.,   1.,   0.,  88.,   0.,   0., 249.,   0.,   0., 120.,   0.,   0.,
         48.,   0.,   0.])|
233|0|m 0 s|tensor([ 36.,   0.,   0.,  75.,   0.,   0., 202.,   0.,   0.,   7.,   0.,   0.,
        107.,   1.,   0., 146.,   0.,   0.,  47.,   0.,   0.,  58.,   0.,   0.,
         88.,   0.,   0.])|
234|0|m 0 w|tensor([ 75.,   0.,   0., 202.,   0.,   0.,  71.,   0.,   0., 107.,   0.,   0.,
        146.,   1.,   0., 143.,   0.,   0.,  58.,   0.,   0.,  88.,   0.,   0.,
        143.,   0.,   0.])|
235|0|m 0 w|tensor([ 35.,   0.,   0.,  48.,   0.,   0.,  59.,   0.,   0.,  75.,   0.,   0.,
        202.,   1.,   0.,  71.,   0.,   0., 107.,   0.,   0., 146.,   0.,   0.,
        143.,   0.,   0.])|
236|0|m 0 s|tensor([ 35.,   0.,   0.,  48.,   0.,   0.,  59.,   0.,   0.,  75.,   0.,   0.,
        151.,   1.,   0.,  71.,   0.,   0., 107.,   0.,   0., 146.,   0.,   0.,
        143.,   0.,   0.])|
237|0|m 0 s|tensor([ 48.,   0.,   0.,  59.,   0.,   0.,  63.,   0.,   0., 151.,   0.,   0.,
         71.,   1.,   0., 137.,   0.,   0., 146.,   0.,   0., 143.,   0.,   0.,
          0.,   0.,   1.])|
238|0|m 0 w|tensor([ 59.,   0.,   0.,  63.,   0.,   0., 171.,   0.,   0.,  71.,   0.,   0.,
        137.,   1.,   0., 117.,   0.,   0., 143.,   0.,   0.,   0.,   0.,   1.,
        131.,   0.,   0.])|
239|0|m 0 w|tensor([140.,   0.,   0.,  99.,   0.,   0., 225.,   0.,   0.,  59.,   0.,   0.,
         63.,   1.,   0., 171.,   0.,   0.,  71.,   0.,   0., 137.,   0.,   0.,
        117.,   0.,   0.])|
240|0|m 0 e|tensor([ 75.,   0.,   0., 145.,   0.,   0.,  72.,   0.,   0., 140.,   0.,   0.,
         99.,   1.,   0., 225.,   0.,   0.,  59.,   0.,   0.,  63.,   0.,   0.,
        171.,   0.,   0.])|
241|0|m 0 e|tensor([140.,   0.,   0.,  99.,   0.,   0., 225.,   0.,   0.,  59.,   0.,   0.,
         63.,   1.,   0., 171.,   0.,   0.,  71.,   0.,   0., 137.,   0.,   0.,
        117.,   0.,   0.])|
242|0|m 0 w|tensor([ 59.,   0.,   0.,  63.,   0.,   0., 171.,   0.,   0.,  71.,   0.,   0.,
        137.,   1.,   0., 117.,   0.,   0., 143.,   0.,   0.,   0.,   0.,   1.,
        131.,   0.,   0.])|
243|0|m 0 e|tensor([ 59.,   0.,   0.,  63.,   0.,   0., 171.,   0.,   0.,  71.,   0.,   0.,
        102.,   1.,   0., 117.,   0.,   0., 143.,   0.,   0.,   0.,   0.,   1.,
        131.,   0.,   0.])|
244|0|m 0 n|tensor([ 71.,   0.,   0., 102.,   0.,   0., 117.,   0.,   0., 143.,   0.,   0.,
          0.,   1.,   1., 131.,   0.,   0., 143.,   0.,   0., 184.,   0.,   0.,
        225.,   0.,   0.])|
245|0|m 0 w|tensor([151.,   0.,   0.,  71.,   0.,   0., 102.,   0.,   0., 146.,   0.,   0.,
        143.,   1.,   0.,   0.,   0.,   1.,  88.,   0.,   0., 143.,   0.,   0.,
        184.,   0.,   0.])|
246|0|m 0 e|tensor([ 48.,   0.,   0.,  59.,   0.,   0.,  63.,   0.,   0., 151.,   0.,   0.,
         71.,   1.,   0., 102.,   0.,   0., 146.,   0.,   0., 143.,   0.,   0.,
          0.,   0.,   1.])|
247|0|m 0 s|tensor([151.,   0.,   0.,  71.,   0.,   0., 102.,   0.,   0., 146.,   0.,   0.,
        143.,   1.,   0.,   0.,   0.,   1.,  88.,   0.,   0., 143.,   0.,   0.,
        184.,   0.,   0.])|
248|0|m 0 s|tensor([151.,   0.,   0.,  71.,   0.,   0., 102.,   0.,   0., 146.,   0.,   0.,
        107.,   1.,   0.,   0.,   0.,   1.,  88.,   0.,   0., 143.,   0.,   0.,
        184.,   0.,   0.])|
249|0|m 0 n|tensor([ 71.,   0.,   0., 102.,   0.,   0., 117.,   0.,   0., 107.,   0.,   0.,
          0.,   1.,   1., 131.,   0.,   0., 143.,   0.,   0., 184.,   0.,   0.,
        225.,   0.,   0.])|
250|0|m 0 e|tensor([151.,   0.,   0.,  71.,   0.,   0., 102.,   0.,   0., 146.,   0.,   0.,
        107.,   1.,   0.,   0.,   0.,   1.,  88.,   0.,   0., 143.,   0.,   0.,
        184.,   0.,   0.])|
251|0|m 0 w|tensor([146.,   0.,   0., 107.,   0.,   0.,   0.,   0.,   1.,  88.,   0.,   0.,
        143.,   1.,   0., 184.,   0.,   0.,  48.,   0.,   0., 177.,   0.,   0.,
        115.,   0.,   0.])|
252|0|m 0 n|tensor([151.,   0.,   0.,  71.,   0.,   0., 102.,   0.,   0., 146.,   0.,   0.,
        107.,   1.,   0.,   0.,   0.,   1.,  88.,   0.,   0., 143.,   0.,   0.,
        184.,   0.,   0.])|
253|0|m 0 n|tensor([151.,   0.,   0.,  71.,   0.,   0., 102.,   0.,   0., 146.,   0.,   0.,
         80.,   1.,   0.,   0.,   0.,   1.,  88.,   0.,   0., 143.,   0.,   0.,
        184.,   0.,   0.])|
254|0|m 0 e|tensor([ 75.,   0.,   0., 151.,   0.,   0.,  71.,   0.,   0., 107.,   0.,   0.,
        146.,   1.,   0.,  80.,   0.,   0.,  58.,   0.,   0.,  88.,   0.,   0.,
        143.,   0.,   0.])|
255|0|m 0 w|tensor([107.,   0.,   0., 146.,   0.,   0.,  80.,   0.,   0.,  58.,   0.,   0.,
         88.,   1.,   0., 143.,   0.,   0., 120.,   0.,   0.,  48.,   0.,   0.,
        177.,   0.,   0.])|
256|0|m 0 w|tensor([ 75.,   0.,   0., 151.,   0.,   0.,  71.,   0.,   0., 107.,   0.,   0.,
        146.,   1.,   0.,  80.,   0.,   0.,  58.,   0.,   0.,  88.,   0.,   0.,
        143.,   0.,   0.])|
257|0|m 0 w|tensor([ 75.,   0.,   0., 151.,   0.,   0.,  71.,   0.,   0., 107.,   0.,   0.,
        109.,   1.,   0.,  80.,   0.,   0.,  58.,   0.,   0.,  88.,   0.,   0.,
        143.,   0.,   0.])|
258|0|m 0 w|tensor([ 35.,   0.,   0.,  48.,   0.,   0.,  59.,   0.,   0.,  75.,   0.,   0.,
        151.,   1.,   0.,  71.,   0.,   0., 107.,   0.,   0., 109.,   0.,   0.,
         80.,   0.,   0.])|
259|0|m 0 w|tensor([ 72.,   0.,   0.,  53.,   0.,   0., 140.,   0.,   0.,  35.,   0.,   0.,
         48.,   1.,   0.,  59.,   0.,   0.,  75.,   0.,   0., 151.,   0.,   0.,
         71.,   0.,   0.])|
260|0|m 0 e|tensor([ 24.,   0.,   0.,  92.,   0.,   0.,  75.,   0.,   0.,  72.,   0.,   0.,
         53.,   1.,   0., 140.,   0.,   0.,  35.,   0.,   0.,  48.,   0.,   0.,
         59.,   0.,   0.])|
261|0|m 0 n|tensor([ 72.,   0.,   0.,  53.,   0.,   0., 140.,   0.,   0.,  35.,   0.,   0.,
         48.,   1.,   0.,  59.,   0.,   0.,  75.,   0.,   0., 151.,   0.,   0.,
         71.,   0.,   0.])|
262|0|m 0 e|tensor([  9.,   0.,   0.,  72.,   0.,   0.,  53.,   0.,   0.,   8.,   0.,   0.,
         35.,   1.,   0.,  48.,   0.,   0.,  36.,   0.,   0.,  75.,   0.,   0.,
        151.,   0.,   0.])|
263|0|m 0 s|tensor([  9.,   0.,   0.,  72.,   0.,   0.,  53.,   0.,   0.,   8.,   0.,   0.,
         26.,   1.,   0.,  48.,   0.,   0.,  36.,   0.,   0.,  75.,   0.,   0.,
        151.,   0.,   0.])|
264|0|m 0 e|tensor([ 72.,   0.,   0.,  53.,   0.,   0., 140.,   0.,   0.,  26.,   0.,   0.,
         48.,   1.,   0.,  59.,   0.,   0.,  75.,   0.,   0., 151.,   0.,   0.,
         71.,   0.,   0.])|
265|0|m 0 s|tensor([ 26.,   0.,   0.,  48.,   0.,   0.,  59.,   0.,   0.,  75.,   0.,   0.,
        151.,   1.,   0.,  71.,   0.,   0., 107.,   0.,   0., 109.,   0.,   0.,
         80.,   0.,   0.])|
266|0|m 0 s|tensor([ 26.,   0.,   0.,  48.,   0.,   0.,  59.,   0.,   0.,  75.,   0.,   0.,
        113.,   1.,   0.,  71.,   0.,   0., 107.,   0.,   0., 109.,   0.,   0.,
         80.,   0.,   0.])|
267|0|m 0 w|tensor([ 48.,   0.,   0.,  59.,   0.,   0.,  63.,   0.,   0., 113.,   0.,   0.,
         71.,   1.,   0., 102.,   0.,   0., 109.,   0.,   0.,  80.,   0.,   0.,
          0.,   0.,   1.])|
268|0|m 0 w|tensor([ 53.,   0.,   0., 140.,   0.,   0.,  99.,   0.,   0.,  48.,   0.,   0.,
         59.,   1.,   0.,  63.,   0.,   0., 113.,   0.,   0.,  71.,   0.,   0.,
        102.,   0.,   0.])|
269|0|m 0 w|tensor([ 92.,   0.,   0.,  75.,   0.,   0., 145.,   0.,   0.,  53.,   0.,   0.,
        140.,   1.,   0.,  99.,   0.,   0.,  48.,   0.,   0.,  59.,   0.,   0.,
         63.,   0.,   0.])|
270|0|m 0 e|tensor([ 83.,   0.,   0.,  73.,   0.,   0., 148.,   0.,   0.,  92.,   0.,   0.,
         75.,   1.,   0., 145.,   0.,   0.,  53.,   0.,   0., 140.,   0.,   0.,
         99.,   0.,   0.])|
271|0|m 0 w|tensor([ 83.,   0.,   0.,  73.,   0.,   0., 148.,   0.,   0.,  92.,   0.,   0.,
         56.,   1.,   0., 145.,   0.,   0.,  53.,   0.,   0., 140.,   0.,   0.,
         99.,   0.,   0.])|
272|0|m 0 e|tensor([250.,   0.,   0.,  57.,   0.,   0.,  23.,   0.,   0.,  83.,   0.,   0.,
         73.,   1.,   0., 148.,   0.,   0.,  92.,   0.,   0.,  56.,   0.,   0.,
        145.,   0.,   0.])|
273|0|m 0 n|tensor([ 83.,   0.,   0.,  73.,   0.,   0., 148.,   0.,   0.,  92.,   0.,   0.,
         56.,   1.,   0., 145.,   0.,   0.,  53.,   0.,   0., 140.,   0.,   0.,
         99.,   0.,   0.])|
274|0|m 0 w|tensor([ 45.,   0.,   0.,  83.,   0.,   0.,  73.,   0.,   0.,  24.,   0.,   0.,
         92.,   1.,   0.,  56.,   0.,   0.,  72.,   0.,   0.,  53.,   0.,   0.,
        140.,   0.,   0.])|
275|0|m 0 w|tensor([ 45.,   0.,   0.,  83.,   0.,   0.,  73.,   0.,   0.,  24.,   0.,   0.,
         69.,   1.,   0.,  56.,   0.,   0.,  72.,   0.,   0.,  53.,   0.,   0.,
        140.,   0.,   0.])|
276|0|m 0 w|tensor([ 90.,   0.,   0., 250.,   0.,   0.,  57.,   0.,   0.,  45.,   0.,   0.,
         83.,   1.,   0.,  73.,   0.,   0.,  24.,   0.,   0.,  69.,   0.,   0.,
         56.,   0.,   0.])|
277|0|m 0 w|tensor([286.,   0.,   0.,  80.,   0.,   0.,  37.,   0.,   0.,  90.,   0.,   0.,
        250.,   1.,   0.,  57.,   0.,   0.,  45.,   0.,   0.,  83.,   0.,   0.,
         73.,   0.,   0.])|
278|0|m 0 w|tensor([286.,   0.,   0.,  80.,   0.,   0.,  37.,   0.,   0.,  90.,   0.,   0.,
        187.,   1.,   0.,  57.,   0.,   0.,  45.,   0.,   0.,  83.,   0.,   0.,
         73.,   0.,   0.])|
279|0|m 0 n|tensor([286.,   0.,   0.,  80.,   0.,   0.,  37.,   0.,   0., 286.,   0.,   0.,
         80.,   1.,   0.,  37.,   0.,   0.,  90.,   0.,   0., 187.,   0.,   0.,
         57.,   0.,   0.])|
280|0|m 0 s|tensor([141.,   0.,   0., 286.,   0.,   0.,  80.,   0.,   0., 141.,   0.,   0.,
        286.,   1.,   0.,  80.,   0.,   0., 128.,   0.,   0.,  90.,   0.,   0.,
        187.,   0.,   0.])|
281|0|m 0 n|tensor([286.,   0.,   0.,  80.,   0.,   0.,  37.,   0.,   0., 286.,   0.,   0.,
         80.,   1.,   0.,  37.,   0.,   0.,  90.,   0.,   0., 187.,   0.,   0.,
         57.,   0.,   0.])|
282|0|m 0 s|tensor([141.,   0.,   0., 286.,   0.,   0.,  80.,   0.,   0., 141.,   0.,   0.,
        286.,   1.,   0.,  80.,   0.,   0., 128.,   0.,   0.,  90.,   0.,   0.,
        187.,   0.,   0.])|
283|0|m 0 s|tensor([141.,   0.,   0., 286.,   0.,   0.,  80.,   0.,   0., 141.,   0.,   0.,
        214.,   1.,   0.,  80.,   0.,   0., 128.,   0.,   0.,  90.,   0.,   0.,
        187.,   0.,   0.])|
284|0|m 0 w|tensor([286.,   0.,   0.,  80.,   0.,   0.,  37.,   0.,   0., 214.,   0.,   0.,
         80.,   1.,   0.,  37.,   0.,   0.,  90.,   0.,   0., 187.,   0.,   0.,
         57.,   0.,   0.])|
285|0|m 0 w|tensor([ 90.,   0.,   0., 250.,   0.,   0.,  57.,   0.,   0., 286.,   0.,   0.,
         80.,   1.,   0.,  37.,   0.,   0., 214.,   0.,   0.,  80.,   0.,   0.,
         37.,   0.,   0.])|
286|0|m 0 n|tensor([ 45.,   0.,   0.,  83.,   0.,   0.,  73.,   0.,   0.,  90.,   0.,   0.,
        250.,   1.,   0.,  57.,   0.,   0., 286.,   0.,   0.,  80.,   0.,   0.,
         37.,   0.,   0.])|
287|0|m 0 e|tensor([ 32.,   0.,   0.,  45.,   0.,   0.,  83.,   0.,   0., 128.,   0.,   0.,
         90.,   1.,   0., 250.,   0.,   0., 141.,   0.,   0., 286.,   0.,   0.,
         80.,   0.,   0.])|
288|0|m 0 e|tensor([128.,   0.,   0.,  90.,   0.,   0., 250.,   0.,   0., 141.,   0.,   0.,
        286.,   1.,   0.,  80.,   0.,   0., 141.,   0.,   0., 214.,   0.,   0.,
         80.,   0.,   0.])|
289|0|m 0 s|tensor([128.,   0.,   0.,  90.,   0.,   0., 250.,   0.,   0., 141.,   0.,   0.,
        214.,   1.,   0.,  80.,   0.,   0., 141.,   0.,   0., 214.,   0.,   0.,
         80.,   0.,   0.])|
290|0|m 0 w|tensor([ 90.,   0.,   0., 250.,   0.,   0.,  57.,   0.,   0., 214.,   0.,   0.,
         80.,   1.,   0.,  37.,   0.,   0., 214.,   0.,   0.,  80.,   0.,   0.,
         37.,   0.,   0.])|
291|0|m 0 w|tensor([ 45.,   0.,   0.,  83.,   0.,   0.,  73.,   0.,   0.,  90.,   0.,   0.,
        250.,   1.,   0.,  57.,   0.,   0., 214.,   0.,   0.,  80.,   0.,   0.,
         37.,   0.,   0.])|
292|0|m 0 w|tensor([ 24.,   0.,   0.,  92.,   0.,   0.,  75.,   0.,   0.,  45.,   0.,   0.,
         83.,   1.,   0.,  73.,   0.,   0.,  90.,   0.,   0., 250.,   0.,   0.,
         57.,   0.,   0.])|
293|0|m 0 e|tensor([ 72.,   0.,   0.,  53.,   0.,   0., 140.,   0.,   0.,  24.,   0.,   0.,
         92.,   1.,   0.,  75.,   0.,   0.,  45.,   0.,   0.,  83.,   0.,   0.,
         73.,   0.,   0.])|
294|0|m 0 e|tensor([ 24.,   0.,   0.,  92.,   0.,   0.,  75.,   0.,   0.,  45.,   0.,   0.,
         83.,   1.,   0.,  73.,   0.,   0.,  90.,   0.,   0., 250.,   0.,   0.,
         57.,   0.,   0.])|
295|0|m 0 w|tensor([ 45.,   0.,   0.,  83.,   0.,   0.,  73.,   0.,   0.,  90.,   0.,   0.,
        250.,   1.,   0.,  57.,   0.,   0., 214.,   0.,   0.,  80.,   0.,   0.,
         37.,   0.,   0.])|
296|0|m 0 w|tensor([ 45.,   0.,   0.,  83.,   0.,   0.,  73.,   0.,   0.,  90.,   0.,   0.,
        187.,   1.,   0.,  57.,   0.,   0., 214.,   0.,   0.,  80.,   0.,   0.,
         37.,   0.,   0.])|
297|0|m 0 w|tensor([ 24.,   0.,   0.,  92.,   0.,   0.,  75.,   0.,   0.,  45.,   0.,   0.,
         83.,   1.,   0.,  73.,   0.,   0.,  90.,   0.,   0., 187.,   0.,   0.,
         57.,   0.,   0.])|
298|0|m 0 s|tensor([ 72.,   0.,   0.,  53.,   0.,   0., 140.,   0.,   0.,  24.,   0.,   0.,
         92.,   1.,   0.,  75.,   0.,   0.,  45.,   0.,   0.,  83.,   0.,   0.,
         73.,   0.,   0.])|
299|0|m 0 w|tensor([ 53.,   0.,   0., 140.,   0.,   0.,  22.,   0.,   0.,  92.,   0.,   0.,
         75.,   1.,   0.,  60.,   0.,   0.,  83.,   0.,   0.,  73.,   0.,   0.,
        111.,   0.,   0.])|
300|0|m 0 w|tensor([ 48.,   0.,   0.,  59.,   0.,   0.,  35.,   0.,   0.,  53.,   0.,   0.,
        140.,   1.,   0.,  22.,   0.,   0.,  92.,   0.,   0.,  75.,   0.,   0.,
         60.,   0.,   0.])|
301|0|m 0 s|tensor([202.,   0.,   0.,  71.,   0.,   0.,  17.,   0.,   0.,  48.,   0.,   0.,
         59.,   1.,   0.,  35.,   0.,   0.,  53.,   0.,   0., 140.,   0.,   0.,
         22.,   0.,   0.])|
302|0|m 0 e|tensor([ 71.,   0.,   0.,  17.,   0.,   0., 117.,   0.,   0.,  59.,   0.,   0.,
         35.,   1.,   0., 171.,   0.,   0., 140.,   0.,   0.,  22.,   0.,   0.,
        300.,   0.,   0.])|
303|0|m 0 w|tensor([ 59.,   0.,   0.,  35.,   0.,   0., 171.,   0.,   0., 140.,   0.,   0.,
         22.,   1.,   0., 300.,   0.,   0.,  75.,   0.,   0.,  60.,   0.,   0.,
         97.,   0.,   0.])|
304|0|m 0 e|tensor([ 71.,   0.,   0.,  17.,   0.,   0., 117.,   0.,   0.,  59.,   0.,   0.,
         35.,   1.,   0., 171.,   0.,   0., 140.,   0.,   0.,  22.,   0.,   0.,
        300.,   0.,   0.])|
305|0|m 0 e|tensor([ 59.,   0.,   0.,  35.,   0.,   0., 171.,   0.,   0., 140.,   0.,   0.,
         22.,   1.,   0., 300.,   0.,   0.,  75.,   0.,   0.,  60.,   0.,   0.,
         97.,   0.,   0.])|
306|0|m 0 e|tensor([140.,   0.,   0.,  22.,   0.,   0., 300.,   0.,   0.,  75.,   0.,   0.,
         60.,   1.,   0.,  97.,   0.,   0.,  73.,   0.,   0., 111.,   0.,   0.,
        106.,   0.,   0.])|
307|0|m 0 w|tensor([140.,   0.,   0.,  22.,   0.,   0., 300.,   0.,   0.,  75.,   0.,   0.,
         45.,   1.,   0.,  97.,   0.,   0.,  73.,   0.,   0., 111.,   0.,   0.,
        106.,   0.,   0.])|
308|0|m 0 e|tensor([ 59.,   0.,   0.,  35.,   0.,   0., 171.,   0.,   0., 140.,   0.,   0.,
         22.,   1.,   0., 300.,   0.,   0.,  75.,   0.,   0.,  45.,   0.,   0.,
         97.,   0.,   0.])|
309|0|m 0 e|tensor([140.,   0.,   0.,  22.,   0.,   0., 300.,   0.,   0.,  75.,   0.,   0.,
         45.,   1.,   0.,  97.,   0.,   0.,  73.,   0.,   0., 111.,   0.,   0.,
        106.,   0.,   0.])|
310|0|m 0 e|tensor([ 75.,   0.,   0.,  45.,   0.,   0.,  97.,   0.,   0.,  73.,   0.,   0.,
        111.,   1.,   0., 106.,   0.,   0.,  57.,   0.,   0.,  17.,   0.,   0.,
         36.,   0.,   0.])|
311|0|m 0 w|tensor([ 75.,   0.,   0.,  45.,   0.,   0.,  97.,   0.,   0.,  73.,   0.,   0.,
         83.,   1.,   0., 106.,   0.,   0.,  57.,   0.,   0.,  17.,   0.,   0.,
         36.,   0.,   0.])|
312|0|m 0 w|tensor([140.,   0.,   0.,  22.,   0.,   0., 300.,   0.,   0.,  75.,   0.,   0.,
         45.,   1.,   0.,  97.,   0.,   0.,  73.,   0.,   0.,  83.,   0.,   0.,
        106.,   0.,   0.])|
313|0|m 0 e|tensor([ 59.,   0.,   0.,  35.,   0.,   0., 171.,   0.,   0., 140.,   0.,   0.,
         22.,   1.,   0., 300.,   0.,   0.,  75.,   0.,   0.,  45.,   0.,   0.,
         97.,   0.,   0.])|
314|0|m 0 e|tensor([140.,   0.,   0.,  22.,   0.,   0., 300.,   0.,   0.,  75.,   0.,   0.,
         45.,   1.,   0.,  97.,   0.,   0.,  73.,   0.,   0.,  83.,   0.,   0.,
        106.,   0.,   0.])|
315|0|m 0 e|tensor([ 75.,   0.,   0.,  45.,   0.,   0.,  97.,   0.,   0.,  73.,   0.,   0.,
         83.,   1.,   0., 106.,   0.,   0.,  57.,   0.,   0.,  17.,   0.,   0.,
         36.,   0.,   0.])|
316|0|m 0 w|tensor([ 73.,   0.,   0.,  83.,   0.,   0., 106.,   0.,   0.,  57.,   0.,   0.,
         17.,   1.,   0.,  36.,   0.,   0.,  37.,   0.,   0.,  69.,   0.,   0.,
         33.,   0.,   0.])|
317|0|m 0 w|tensor([ 75.,   0.,   0.,  45.,   0.,   0.,  97.,   0.,   0.,  73.,   0.,   0.,
         83.,   1.,   0., 106.,   0.,   0.,  57.,   0.,   0.,  17.,   0.,   0.,
         36.,   0.,   0.])|
318|0|m 0 w|tensor([140.,   0.,   0.,  22.,   0.,   0., 300.,   0.,   0.,  75.,   0.,   0.,
         45.,   1.,   0.,  97.,   0.,   0.,  73.,   0.,   0.,  83.,   0.,   0.,
        106.,   0.,   0.])|
319|0|m 0 e|tensor([140.,   0.,   0.,  22.,   0.,   0., 300.,   0.,   0.,  75.,   0.,   0.,
         33.,   1.,   0.,  97.,   0.,   0.,  73.,   0.,   0.,  83.,   0.,   0.,
        106.,   0.,   0.])|
320|0|m 0 w|tensor([ 75.,   0.,   0.,  33.,   0.,   0.,  97.,   0.,   0.,  73.,   0.,   0.,
         83.,   1.,   0., 106.,   0.,   0.,  57.,   0.,   0.,  17.,   0.,   0.,
         36.,   0.,   0.])|
321|0|m 0 e|tensor([140.,   0.,   0.,  22.,   0.,   0., 300.,   0.,   0.,  75.,   0.,   0.,
         33.,   1.,   0.,  97.,   0.,   0.,  73.,   0.,   0.,  83.,   0.,   0.,
        106.,   0.,   0.])|
322|0|m 0 w|tensor([ 75.,   0.,   0.,  33.,   0.,   0.,  97.,   0.,   0.,  73.,   0.,   0.,
         83.,   1.,   0., 106.,   0.,   0.,  57.,   0.,   0.,  17.,   0.,   0.,
         36.,   0.,   0.])|
323|0|m 0 e|tensor([ 75.,   0.,   0.,  33.,   0.,   0.,  97.,   0.,   0.,  73.,   0.,   0.,
         62.,   1.,   0., 106.,   0.,   0.,  57.,   0.,   0.,  17.,   0.,   0.,
         36.,   0.,   0.])|
324|0|m 0 n|tensor([ 73.,   0.,   0.,  62.,   0.,   0., 106.,   0.,   0.,  57.,   0.,   0.,
         17.,   1.,   0.,  36.,   0.,   0.,  37.,   0.,   0.,  69.,   0.,   0.,
         33.,   0.,   0.])|
325|0|m 0 w|tensor([ 83.,   0.,   0.,  73.,   0.,   0.,  62.,   0.,   0., 187.,   0.,   0.,
         57.,   1.,   0.,  17.,   0.,   0.,  80.,   0.,   0.,  37.,   0.,   0.,
         69.,   0.,   0.])|
326|0|m 0 n|tensor([ 92.,   0.,   0.,  75.,   0.,   0.,  33.,   0.,   0.,  83.,   0.,   0.,
         73.,   1.,   0.,  62.,   0.,   0., 187.,   0.,   0.,  57.,   0.,   0.,
         17.,   0.,   0.])|
327|0|m 0 e|tensor([ 24.,   0.,   0.,  92.,   0.,   0.,  75.,   0.,   0.,  45.,   0.,   0.,
         83.,   1.,   0.,  73.,   0.,   0.,  90.,   0.,   0., 187.,   0.,   0.,
         57.,   0.,   0.])|
328|0|m 0 w|tensor([ 24.,   0.,   0.,  92.,   0.,   0.,  75.,   0.,   0.,  45.,   0.,   0.,
         62.,   1.,   0.,  73.,   0.,   0.,  90.,   0.,   0., 187.,   0.,   0.,
         57.,   0.,   0.])|
329|0|m 0 e|tensor([ 72.,   0.,   0.,  53.,   0.,   0., 140.,   0.,   0.,  24.,   0.,   0.,
         92.,   1.,   0.,  75.,   0.,   0.,  45.,   0.,   0.,  62.,   0.,   0.,
         73.,   0.,   0.])|
330|0|m 0 e|tensor([ 24.,   0.,   0.,  92.,   0.,   0.,  75.,   0.,   0.,  45.,   0.,   0.,
         62.,   1.,   0.,  73.,   0.,   0.,  90.,   0.,   0., 187.,   0.,   0.,
         57.,   0.,   0.])|
331|0|m 0 w|tensor([ 45.,   0.,   0.,  62.,   0.,   0.,  73.,   0.,   0.,  90.,   0.,   0.,
        187.,   1.,   0.,  57.,   0.,   0., 214.,   0.,   0.,  80.,   0.,   0.,
         37.,   0.,   0.])|
332|0|m 0 n|tensor([ 45.,   0.,   0.,  62.,   0.,   0.,  73.,   0.,   0.,  90.,   0.,   0.,
        140.,   1.,   0.,  57.,   0.,   0., 214.,   0.,   0.,  80.,   0.,   0.,
         37.,   0.,   0.])|
333|0|m 0 w|tensor([ 32.,   0.,   0.,  45.,   0.,   0.,  62.,   0.,   0., 128.,   0.,   0.,
         90.,   1.,   0., 140.,   0.,   0., 141.,   0.,   0., 214.,   0.,   0.,
         80.,   0.,   0.])|
334|0|m 0 s|tensor([  4.,   0.,   0.,  24.,   0.,   0.,  92.,   0.,   0.,  32.,   0.,   0.,
         45.,   1.,   0.,  62.,   0.,   0., 128.,   0.,   0.,  90.,   0.,   0.,
        140.,   0.,   0.])|
335|0|m 0 w|tensor([ 24.,   0.,   0.,  92.,   0.,   0.,  75.,   0.,   0.,  45.,   0.,   0.,
         62.,   1.,   0.,  73.,   0.,   0.,  90.,   0.,   0., 140.,   0.,   0.,
         57.,   0.,   0.])|
336|0|m 0 w|tensor([ 72.,   0.,   0.,  53.,   0.,   0., 140.,   0.,   0.,  24.,   0.,   0.,
         92.,   1.,   0.,  75.,   0.,   0.,  45.,   0.,   0.,  62.,   0.,   0.,
         73.,   0.,   0.])|
337|0|m 0 s|tensor([ 35.,   0.,   0.,  48.,   0.,   0.,  59.,   0.,   0.,  72.,   0.,   0.,
         53.,   1.,   0., 140.,   0.,   0.,  24.,   0.,   0.,  92.,   0.,   0.,
         75.,   0.,   0.])|
338|0|m 0 w|tensor([ 48.,   0.,   0.,  59.,   0.,   0.,  35.,   0.,   0.,  53.,   0.,   0.,
        140.,   1.,   0.,  22.,   0.,   0.,  92.,   0.,   0.,  75.,   0.,   0.,
         33.,   0.,   0.])|
339|0|m 0 w|tensor([ 48.,   0.,   0.,  59.,   0.,   0.,  35.,   0.,   0.,  53.,   0.,   0.,
        105.,   1.,   0.,  22.,   0.,   0.,  92.,   0.,   0.,  75.,   0.,   0.,
         33.,   0.,   0.])|
340|0|m 0 w|tensor([202.,   0.,   0.,  71.,   0.,   0.,  17.,   0.,   0.,  48.,   0.,   0.,
         59.,   1.,   0.,  35.,   0.,   0.,  53.,   0.,   0., 105.,   0.,   0.,
         22.,   0.,   0.])|
341|0|m 0 w|tensor([146.,   0.,   0.,  80.,   0.,   0.,   0.,   0.,   1., 202.,   0.,   0.,
         71.,   1.,   0.,  17.,   0.,   0.,  48.,   0.,   0.,  59.,   0.,   0.,
         35.,   0.,   0.])|
342|7|m 0 s|tensor([ 88.,   0.,   0., 143.,   0.,   0.,  77.,   0.,   0., 146.,   0.,   0.,
         80.,   1.,   0.,   0.,   0.,   1., 202.,   0.,   0.,  71.,   0.,   0.,
         17.,   0.,   0.])|
343|0|m 0 w|tensor([143.,   0.,   0.,  77.,   0.,   0., 225.,   0.,   0.,  80.,   0.,   0.,
          0.,   1.,   1., 131.,   0.,   0.,  71.,   0.,   0.,  17.,   0.,   0.,
        117.,   0.,   0.])|
344|0|m 0 e|tensor([132.,   0.,   0.,  86.,   0.,   0., 228.,   0.,   0., 143.,   0.,   0.,
         77.,   1.,   0., 225.,   0.,   0.,  80.,   0.,   0.,   0.,   0.,   1.,
        131.,   0.,   0.])|
345|0|m 0 w|tensor([132.,   0.,   0.,  86.,   0.,   0., 228.,   0.,   0., 143.,   0.,   0.,
         57.,   1.,   0., 225.,   0.,   0.,  80.,   0.,   0.,   0.,   0.,   1.,
        131.,   0.,   0.])|
346|0|m 0 w|tensor([138.,   0.,   0.,  65.,   0.,   0., 225.,   0.,   0., 132.,   0.,   0.,
         86.,   1.,   0., 228.,   0.,   0., 143.,   0.,   0.,  57.,   0.,   0.,
        225.,   0.,   0.])|
347|0|m 0 e|tensor([ 66.,   0.,   0., 151.,   0.,   0., 154.,   0.,   0., 138.,   0.,   0.,
         65.,   1.,   0., 225.,   0.,   0., 132.,   0.,   0.,  86.,   0.,   0.,
        228.,   0.,   0.])|
348|0|m 0 n|tensor([138.,   0.,   0.,  65.,   0.,   0., 225.,   0.,   0., 132.,   0.,   0.,
         86.,   1.,   0., 228.,   0.,   0., 143.,   0.,   0.,  57.,   0.,   0.,
        225.,   0.,   0.])|
349|0|m 0 w|tensor([138.,   0.,   0.,  65.,   0.,   0., 225.,   0.,   0., 132.,   0.,   0.,
         64.,   1.,   0., 228.,   0.,   0., 143.,   0.,   0.,  57.,   0.,   0.,
        225.,   0.,   0.])|
350|0|m 0 w|tensor([ 66.,   0.,   0., 151.,   0.,   0., 154.,   0.,   0., 138.,   0.,   0.,
         65.,   1.,   0., 225.,   0.,   0., 132.,   0.,   0.,  64.,   0.,   0.,
        228.,   0.,   0.])|
351|0|m 0 w|tensor([108.,   0.,   0., 231.,   0.,   0., 146.,   0.,   0.,  66.,   0.,   0.,
        151.,   1.,   0., 154.,   0.,   0., 138.,   0.,   0.,  65.,   0.,   0.,
        225.,   0.,   0.])|
352|0|m 0 w|tensor([108.,   0.,   0., 231.,   0.,   0., 146.,   0.,   0.,  66.,   0.,   0.,
        113.,   1.,   0., 154.,   0.,   0., 138.,   0.,   0.,  65.,   0.,   0.,
        225.,   0.,   0.])|
353|0|m 0 w|tensor([ 78.,   0.,   0., 124.,   0.,   0., 210.,   0.,   0., 108.,   0.,   0.,
        231.,   1.,   0., 146.,   0.,   0.,  66.,   0.,   0., 113.,   0.,   0.,
        154.,   0.,   0.])|
354|0|m 0 e|tensor([133.,   0.,   0., 113.,   0.,   0., 214.,   0.,   0.,  78.,   0.,   0.,
        124.,   1.,   0., 210.,   0.,   0., 108.,   0.,   0., 231.,   0.,   0.,
        146.,   0.,   0.])|
355|0|m 0 s|tensor([ 78.,   0.,   0., 124.,   0.,   0., 210.,   0.,   0., 108.,   0.,   0.,
        231.,   1.,   0., 146.,   0.,   0.,  66.,   0.,   0., 113.,   0.,   0.,
        154.,   0.,   0.])|
356|0|m 0 e|tensor([ 78.,   0.,   0., 124.,   0.,   0., 210.,   0.,   0., 108.,   0.,   0.,
        173.,   1.,   0., 146.,   0.,   0.,  66.,   0.,   0., 113.,   0.,   0.,
        154.,   0.,   0.])|
357|0|m 0 w|tensor([108.,   0.,   0., 173.,   0.,   0., 146.,   0.,   0.,  66.,   0.,   0.,
        113.,   1.,   0., 154.,   0.,   0., 138.,   0.,   0.,  65.,   0.,   0.,
        225.,   0.,   0.])|
358|0|m 0 e|tensor([ 78.,   0.,   0., 124.,   0.,   0., 210.,   0.,   0., 108.,   0.,   0.,
        173.,   1.,   0., 146.,   0.,   0.,  66.,   0.,   0., 113.,   0.,   0.,
        154.,   0.,   0.])|
359|0|m 0 w|tensor([108.,   0.,   0., 173.,   0.,   0., 146.,   0.,   0.,  66.,   0.,   0.,
        113.,   1.,   0., 154.,   0.,   0., 138.,   0.,   0.,  65.,   0.,   0.,
        225.,   0.,   0.])|
360|0|m 0 s|tensor([ 78.,   0.,   0., 124.,   0.,   0., 210.,   0.,   0., 108.,   0.,   0.,
        173.,   1.,   0., 146.,   0.,   0.,  66.,   0.,   0., 113.,   0.,   0.,
        154.,   0.,   0.])|
361|0|m 0 e|tensor([ 78.,   0.,   0., 124.,   0.,   0., 210.,   0.,   0., 108.,   0.,   0.,
        129.,   1.,   0., 146.,   0.,   0.,  66.,   0.,   0., 113.,   0.,   0.,
        154.,   0.,   0.])|
362|0|m 0 e|tensor([108.,   0.,   0., 129.,   0.,   0., 146.,   0.,   0.,  66.,   0.,   0.,
        113.,   1.,   0., 154.,   0.,   0., 138.,   0.,   0.,  65.,   0.,   0.,
        225.,   0.,   0.])|
363|0|m 0 w|tensor([ 66.,   0.,   0., 113.,   0.,   0., 154.,   0.,   0., 138.,   0.,   0.,
         65.,   1.,   0., 225.,   0.,   0., 132.,   0.,   0.,  64.,   0.,   0.,
        228.,   0.,   0.])|
364|0|m 0 w|tensor([108.,   0.,   0., 129.,   0.,   0., 146.,   0.,   0.,  66.,   0.,   0.,
        113.,   1.,   0., 154.,   0.,   0., 138.,   0.,   0.,  65.,   0.,   0.,
        225.,   0.,   0.])|
365|0|m 0 e|tensor([ 78.,   0.,   0., 124.,   0.,   0., 210.,   0.,   0., 108.,   0.,   0.,
        129.,   1.,   0., 146.,   0.,   0.,  66.,   0.,   0., 113.,   0.,   0.,
        154.,   0.,   0.])|
366|0|m 0 w|tensor([ 78.,   0.,   0., 124.,   0.,   0., 210.,   0.,   0., 108.,   0.,   0.,
         96.,   1.,   0., 146.,   0.,   0.,  66.,   0.,   0., 113.,   0.,   0.,
        154.,   0.,   0.])|
367|0|m 0 e|tensor([133.,   0.,   0., 113.,   0.,   0., 214.,   0.,   0.,  78.,   0.,   0.,
        124.,   1.,   0., 210.,   0.,   0., 108.,   0.,   0.,  96.,   0.,   0.,
        146.,   0.,   0.])|
368|0|m 0 w|tensor([ 78.,   0.,   0., 124.,   0.,   0., 210.,   0.,   0., 108.,   0.,   0.,
         96.,   1.,   0., 146.,   0.,   0.,  66.,   0.,   0., 113.,   0.,   0.,
        154.,   0.,   0.])|
369|0|m 0 w|tensor([133.,   0.,   0., 113.,   0.,   0., 214.,   0.,   0.,  78.,   0.,   0.,
        124.,   1.,   0., 210.,   0.,   0., 108.,   0.,   0.,  96.,   0.,   0.,
        146.,   0.,   0.])|
370|0|m 0 w|tensor([ 44.,   0.,   0.,   7.,   0.,   0., 119.,   0.,   0., 133.,   0.,   0.,
        113.,   1.,   0., 214.,   0.,   0.,  78.,   0.,   0., 124.,   0.,   0.,
        210.,   0.,   0.])|
371|0|m 0 w|tensor([ 44.,   0.,   0.,   7.,   0.,   0., 119.,   0.,   0., 133.,   0.,   0.,
         84.,   1.,   0., 214.,   0.,   0.,  78.,   0.,   0., 124.,   0.,   0.,
        210.,   0.,   0.])|
372|0|m 0 e|tensor([ 59.,   0.,   0.,   7.,   0.,   0., 119.,   0.,   0.,  44.,   0.,   0.,
          7.,   1.,   0., 119.,   0.,   0., 133.,   0.,   0.,  84.,   0.,   0.,
        214.,   0.,   0.])|
